40
4 6 4
1 4 2 1
100 10 1
1
5 5 11
2 4 2 3 4 2 1 2 1 3 4
100000000 2 2
1 2
1000000 200 11
43 34 39 11 22 35 46 59 16 13 34
1 10 10
4 3 4 1 2 5 6 9 1 10
10000000 10 15
1 1 1 1 1 1 1 1 1 1 1 1 1 1 1
1000 10 9
1 1 1 1 1 1 1 1 1
934 99 10
98 98 98 98 98 98 98 98 98 98
454 7 10
1 2 3 3 2 1 1 2 3 1
1000 100 10
4 3 9 1 2 5 6 9 1 10
1000 100 10
10 10 10 10 10 10 10 10 10 10
416 40 9
8 8 8 9 7 7 6 9 8
747 69 5
7 6 5 5 6
99999999 10000000 999
5000001 5000001 5000001 5000001 5000001 5000001 5000001 5000001 5000001 5000001 5000001 5000001 5000001 5000001 5000001 5000001 5000001 5000001 5000001 5000001 5000001 5000001 5000001 5000001 5000001 5000001 5000001 5000001 5000001 5000001 5000001 5000001 5000001 5000001 5000001 5000001 5000001 5000001 5000001 5000001 5000001 5000001 5000001 5000001 5000001 5000001 5000001 5000001 5000001 5000001 5000001 5000001 5000001 5000001 5000001 5000001 5000001 5000001 5000001 5000001 5000001 5000001 5000001 5000001 5000001 5000001 5000001 5000001 5000001 5000001 5000001 5000001 5000001 5000001 5000001 5000001 5000001 5000001 5000001 5000001 5000001 5000001 5000001 5000001 5000001 5000001 5000001 5000001 5000001 5000001 5000001 5000001 5000001 5000001 5000001 5000001 5000001 5000001 5000001 5000001 5000001 5000001 5000001 5000001 5000001 5000001 5000001 5000001 5000001 5000001 5000001 5000001 5000001 5000001 5000001 5000001 5000001 5000001 5000001 5000001 5000001 5000001 5000001 5000001 5000001 5000001 5000001 5000001 5000001 5000001 5000001 5000001 5000001 5000001 5000001 5000001 5000001 5000001 5000001 5000001 5000001 5000001 5000001 5000001 5000001 5000001 5000001 5000001 5000001 5000001 5000001 5000001 5000001 5000001 5000001 5000001 5000001 5000001 5000001 5000001 5000001 5000001 5000001 5000001 5000001 5000001 5000001 5000001 5000001 5000001 5000001 5000001 5000001 5000001 5000001 5000001 5000001 5000001 5000001 5000001 5000001 5000001 5000001 5000001 5000001 5000001 5000001 5000001 5000001 5000001 5000001 5000001 5000001 5000001 5000001 5000001 5000001 5000001 5000001 5000001 5000001 5000001 5000001 5000001 5000001 5000001 5000001 5000001 5000001 5000001 5000001 5000001 5000001 5000001 5000001 5000001 5000001 5000001 5000001 5000001 5000001 5000001 5000001 5000001 5000001 5000001 5000001 5000001 5000001 5000001 5000001 5000001 5000001 5000001 5000001 5000001 5000001 5000001 5000001 5000001 5000001 5000001 5000001 5000001 5000001 5000001 5000001 5000001 5000001 5000001 5000001 5000001 5000001 5000001 5000001 5000001 5000001 5000001 5000001 5000001 5000001 5000001 5000001 5000001 5000001 5000001 5000001 5000001 5000001 5000001 5000001 5000001 5000001 5000001 5000001 5000001 5000001 5000001 5000001 5000001 5000001 5000001 5000001 5000001 5000001 5000001 5000001 5000001 5000001 5000001 5000001 5000001 5000001 5000001 5000001 5000001 5000001 5000001 5000001 5000001 5000001 5000001 5000001 5000001 5000001 5000001 5000001 5000001 5000001 5000001 5000001 5000001 5000001 5000001 5000001 5000001 5000001 5000001 5000001 5000001 5000001 5000001 5000001 5000001 5000001 5000001 5000001 5000001 5000001 5000001 5000001 5000001 5000001 5000001 5000001 5000001 5000001 5000001 5000001 5000001 5000001 5000001 5000001 5000001 5000001 5000001 5000001 5000001 5000001 5000001 5000001 5000001 5000001 5000001 5000001 5000001 5000001 5000001 5000001 5000001 5000001 5000001 5000001 5000001 5000001 5000001 5000001 5000001 5000001 5000001 5000001 5000001 5000001 5000001 5000001 5000001 5000001 5000001 5000001 5000001 5000001 5000001 5000001 5000001 5000001 5000001 5000001 5000001 5000001 5000001 5000001 5000001 5000001 5000001 5000001 5000001 5000001 5000001 5000001 5000001 5000001 5000001 5000001 5000001 5000001 5000001 5000001 5000001 5000001 5000001 5000001 5000001 5000001 5000001 5000001 5000001 5000001 5000001 5000001 5000001 5000001 5000001 5000001 5000001 5000001 5000001 5000001 5000001 5000001 5000001 5000001 5000001 5000001 5000001 5000001 5000001 5000001 5000001 5000001 5000001 5000001 5000001 5000001 5000001 5000001 5000001 5000001 5000001 5000001 5000001 5000001 5000001 5000001 5000001 5000001 5000001 5000001 5000001 5000001 5000001 5000001 5000001 5000001 5000001 5000001 5000001 5000001 5000001 5000001 5000001 5000001 5000001 5000001 5000001 5000001 5000001 5000001 5000001 5000001 5000001 5000001 5000001 5000001 5000001 5000001 5000001 5000001 5000001 5000001 5000001 5000001 5000001 5000001 5000001 5000001 5000001 5000001 5000001 5000001 5000001 5000001 5000001 5000001 5000001 5000001 5000001 5000001 5000001 5000001 5000001 5000001 5000001 5000001 5000001 5000001 5000001 5000001 5000001 5000001 5000001 5000001 5000001 5000001 5000001 5000001 5000001 5000001 5000001 5000001 5000001 5000001 5000001 5000001 5000001 5000001 5000001 5000001 5000001 5000001 5000001 5000001 5000001 5000001 5000001 5000001 5000001 5000001 5000001 5000001 5000001 5000001 5000001 5000001 5000001 5000001 5000001 5000001 5000001 5000001 5000001 5000001 5000001 5000001 5000001 5000001 5000001 5000001 5000001 5000001 5000001 5000001 5000001 5000001 5000001 5000001 5000001 5000001 5000001 5000001 5000001 5000001 5000001 5000001 5000001 5000001 5000001 5000001 5000001 5000001 5000001 5000001 5000001 5000001 5000001 5000001 5000001 5000001 5000001 5000001 5000001 5000001 5000001 5000001 5000001 5000001 5000001 5000001 5000001 5000001 5000001 5000001 5000001 5000001 5000001 5000001 5000001 5000001 5000001 5000001 5000001 5000001 5000001 5000001 5000001 5000001 5000001 5000001 5000001 5000001 5000001 5000001 5000001 5000001 5000001 5000001 5000001 5000001 5000001 5000001 5000001 5000001 5000001 5000001 5000001 5000001 5000001 5000001 5000001 5000001 5000001 5000001 5000001 5000001 5000001 5000001 5000001 5000001 5000001 5000001 5000001 5000001 5000001 5000001 5000001 5000001 5000001 5000001 5000001 5000001 5000001 5000001 5000001 5000001 5000001 5000001 5000001 5000001 5000001 5000001 5000001 5000001 5000001 5000001 5000001 5000001 5000001 5000001 5000001 5000001 5000001 5000001 5000001 5000001 5000001 5000001 5000001 5000001 5000001 5000001 5000001 5000001 5000001 5000001 5000001 5000001 5000001 5000001 5000001 5000001 5000001 5000001 5000001 5000001 5000001 5000001 5000001 5000001 5000001 5000001 5000001 5000001 5000001 5000001 5000001 5000001 5000001 5000001 5000001 5000001 5000001 5000001 5000001 5000001 5000001 5000001 5000001 5000001 5000001 5000001 5000001 5000001 5000001 5000001 5000001 5000001 5000001 5000001 5000001 5000001 5000001 5000001 5000001 5000001 5000001 5000001 5000001 5000001 5000001 5000001 5000001 5000001 5000001 5000001 5000001 5000001 5000001 5000001 5000001 5000001 5000001 5000001 5000001 5000001 5000001 5000001 5000001 5000001 5000001 5000001 5000001 5000001 5000001 5000001 5000001 5000001 5000001 5000001 5000001 5000001 5000001 5000001 5000001 5000001 5000001 5000001 5000001 5000001 5000001 5000001 5000001 5000001 5000001 5000001 5000001 5000001 5000001 5000001 5000001 5000001 5000001 5000001 5000001 5000001 5000001 5000001 5000001 5000001 5000001 5000001 5000001 5000001 5000001 5000001 5000001 5000001 5000001 5000001 5000001 5000001 5000001 5000001 5000001 5000001 5000001 5000001 5000001 5000001 5000001 5000001 5000001 5000001 5000001 5000001 5000001 5000001 5000001 5000001 5000001 5000001 5000001 5000001 5000001 5000001 5000001 5000001 5000001 5000001 5000001 5000001 5000001 5000001 5000001 5000001 5000001 5000001 5000001 5000001 5000001 5000001 5000001 5000001 5000001 5000001 5000001 5000001 5000001 5000001 5000001 5000001 5000001 5000001 5000001 5000001 5000001 5000001 5000001 5000001 5000001 5000001 5000001 5000001 5000001 5000001 5000001 5000001 5000001 5000001 5000001 5000001 5000001 5000001 5000001 5000001 5000001 5000001 5000001 5000001 5000001 5000001 5000001 5000001 5000001 5000001 5000001 5000001 5000001 5000001 5000001 5000001 5000001 5000001 5000001 5000001 5000001 5000001 5000001 5000001 5000001 5000001 5000001 5000001 5000001 5000001 5000001 5000001 5000001 5000001 5000001 5000001 5000001 5000001 5000001 5000001 5000001 5000001 5000001 5000001 5000001 5000001 5000001 5000001 5000001 5000001 5000001 5000001 5000001 5000001 5000001 5000001 5000001 5000001 5000001 5000001 5000001 5000001 5000001 5000001 5000001 5000001 5000001 5000001 5000001 5000001 5000001 5000001 5000001 5000001 5000001 5000001 5000001 5000001 5000001 5000001 5000001 5000001 5000001 5000001 5000001 5000001 5000001 5000001 5000001 5000001 5000001 5000001 5000001 5000001 5000001 5000001
99999996 10000000 2
5000001 5000001
99999998 9999998 998
4999999 5000000 4999999 5000000 4999999 5000000 4999999 5000000 4999999 5000000 4999999 5000000 4999999 5000000 4999999 5000000 4999999 5000000 4999999 5000000 4999999 5000000 4999999 5000000 4999999 5000000 4999999 5000000 4999999 5000000 4999999 5000000 4999999 5000000 4999999 5000000 4999999 5000000 4999999 5000000 4999999 5000000 4999999 5000000 4999999 5000000 4999999 5000000 4999999 5000000 4999999 5000000 4999999 5000000 4999999 5000000 4999999 5000000 4999999 5000000 4999999 5000000 4999999 5000000 4999999 5000000 4999999 5000000 4999999 5000000 4999999 5000000 4999999 5000000 4999999 5000000 4999999 5000000 4999999 5000000 4999999 5000000 4999999 5000000 4999999 5000000 4999999 5000000 4999999 5000000 4999999 5000000 4999999 5000000 4999999 5000000 4999999 5000000 4999999 5000000 4999999 5000000 4999999 5000000 4999999 5000000 4999999 5000000 4999999 5000000 4999999 5000000 4999999 5000000 4999999 5000000 4999999 5000000 4999999 5000000 4999999 5000000 4999999 5000000 4999999 5000000 4999999 5000000 4999999 5000000 4999999 5000000 4999999 5000000 4999999 5000000 4999999 5000000 4999999 5000000 4999999 5000000 4999999 5000000 4999999 5000000 4999999 5000000 4999999 5000000 4999999 5000000 4999999 5000000 4999999 5000000 4999999 5000000 4999999 5000000 4999999 5000000 4999999 5000000 4999999 5000000 4999999 5000000 4999999 5000000 4999999 5000000 4999999 5000000 4999999 5000000 4999999 5000000 4999999 5000000 4999999 5000000 4999999 5000000 4999999 5000000 4999999 5000000 4999999 5000000 4999999 5000000 4999999 5000000 4999999 5000000 4999999 5000000 4999999 5000000 4999999 5000000 4999999 5000000 4999999 5000000 4999999 5000000 4999999 5000000 4999999 5000000 4999999 5000000 4999999 5000000 4999999 5000000 4999999 5000000 4999999 5000000 4999999 5000000 4999999 5000000 4999999 5000000 4999999 5000000 4999999 5000000 4999999 5000000 4999999 5000000 4999999 5000000 4999999 5000000 4999999 5000000 4999999 5000000 4999999 5000000 4999999 5000000 4999999 5000000 4999999 5000000 4999999 5000000 4999999 5000000 4999999 5000000 4999999 5000000 4999999 5000000 4999999 5000000 4999999 5000000 4999999 5000000 4999999 5000000 4999999 5000000 4999999 5000000 4999999 5000000 4999999 5000000 4999999 5000000 4999999 5000000 4999999 5000000 4999999 5000000 4999999 5000000 4999999 5000000 4999999 5000000 4999999 5000000 4999999 5000000 4999999 5000000 4999999 5000000 4999999 5000000 4999999 5000000 4999999 5000000 4999999 5000000 4999999 5000000 4999999 5000000 4999999 5000000 4999999 5000000 4999999 5000000 4999999 5000000 4999999 5000000 4999999 5000000 4999999 5000000 4999999 5000000 4999999 5000000 4999999 5000000 4999999 5000000 4999999 5000000 4999999 5000000 4999999 5000000 4999999 5000000 4999999 5000000 4999999 5000000 4999999 5000000 4999999 5000000 4999999 5000000 4999999 5000000 4999999 5000000 4999999 5000000 4999999 5000000 4999999 5000000 4999999 5000000 4999999 5000000 4999999 5000000 4999999 5000000 4999999 5000000 4999999 5000000 4999999 5000000 4999999 5000000 4999999 5000000 4999999 5000000 4999999 5000000 4999999 5000000 4999999 5000000 4999999 5000000 4999999 5000000 4999999 5000000 4999999 5000000 4999999 5000000 4999999 5000000 4999999 5000000 4999999 5000000 4999999 5000000 4999999 5000000 4999999 5000000 4999999 5000000 4999999 5000000 4999999 5000000 4999999 5000000 4999999 5000000 4999999 5000000 4999999 5000000 4999999 5000000 4999999 5000000 4999999 5000000 4999999 5000000 4999999 5000000 4999999 5000000 4999999 5000000 4999999 5000000 4999999 5000000 4999999 5000000 4999999 5000000 4999999 5000000 4999999 5000000 4999999 5000000 4999999 5000000 4999999 5000000 4999999 5000000 4999999 5000000 4999999 5000000 4999999 5000000 4999999 5000000 4999999 5000000 4999999 5000000 4999999 5000000 4999999 5000000 4999999 5000000 4999999 5000000 4999999 5000000 4999999 5000000 4999999 5000000 4999999 5000000 4999999 5000000 4999999 5000000 4999999 5000000 4999999 5000000 4999999 5000000 4999999 5000000 4999999 5000000 4999999 5000000 4999999 5000000 4999999 5000000 4999999 5000000 4999999 5000000 4999999 5000000 4999999 5000000 4999999 5000000 4999999 5000000 4999999 5000000 4999999 5000000 4999999 5000000 4999999 5000000 4999999 5000000 4999999 5000000 4999999 5000000 4999999 5000000 4999999 5000000 4999999 5000000 4999999 5000000 4999999 5000000 4999999 5000000 4999999 5000000 4999999 5000000 4999999 5000000 4999999 5000000 4999999 5000000 4999999 5000000 4999999 5000000 4999999 5000000 4999999 5000000 4999999 5000000 4999999 5000000 4999999 5000000 4999999 5000000 4999999 5000000 4999999 5000000 4999999 5000000 4999999 5000000 4999999 5000000 4999999 5000000 4999999 5000000 4999999 5000000 4999999 5000000 4999999 5000000 4999999 5000000 4999999 5000000 4999999 5000000 4999999 5000000 4999999 5000000 4999999 5000000 4999999 5000000 4999999 5000000 4999999 5000000 4999999 5000000 4999999 5000000 4999999 5000000 4999999 5000000 4999999 5000000 4999999 5000000 4999999 5000000 4999999 5000000 4999999 5000000 4999999 5000000 4999999 5000000 4999999 5000000 4999999 5000000 4999999 5000000 4999999 5000000 4999999 5000000 4999999 5000000 4999999 5000000 4999999 5000000 4999999 5000000 4999999 5000000 4999999 5000000 4999999 5000000 4999999 5000000 4999999 5000000 4999999 5000000 4999999 5000000 4999999 5000000 4999999 5000000 4999999 5000000 4999999 5000000 4999999 5000000 4999999 5000000 4999999 5000000 4999999 5000000 4999999 5000000 4999999 5000000 4999999 5000000 4999999 5000000 4999999 5000000 4999999 5000000 4999999 5000000 4999999 5000000 4999999 5000000 4999999 5000000 4999999 5000000 4999999 5000000 4999999 5000000 4999999 5000000 4999999 5000000 4999999 5000000 4999999 5000000 4999999 5000000 4999999 5000000 4999999 5000000 4999999 5000000 4999999 5000000 4999999 5000000 4999999 5000000 4999999 5000000 4999999 5000000 4999999 5000000 4999999 5000000 4999999 5000000 4999999 5000000 4999999 5000000 4999999 5000000 4999999 5000000 4999999 5000000 4999999 5000000 4999999 5000000 4999999 5000000 4999999 5000000 4999999 5000000 4999999 5000000 4999999 5000000 4999999 5000000 4999999 5000000 4999999 5000000 4999999 5000000 4999999 5000000 4999999 5000000 4999999 5000000 4999999 5000000 4999999 5000000 4999999 5000000 4999999 5000000 4999999 5000000 4999999 5000000 4999999 5000000 4999999 5000000 4999999 5000000 4999999 5000000 4999999 5000000 4999999 5000000 4999999 5000000 4999999 5000000 4999999 5000000 4999999 5000000 4999999 5000000 4999999 5000000 4999999 5000000 4999999 5000000 4999999 5000000 4999999 5000000 4999999 5000000 4999999 5000000 4999999 5000000 4999999 5000000 4999999 5000000 4999999 5000000 4999999 5000000 4999999 5000000 4999999 5000000 4999999 5000000 4999999 5000000 4999999 5000000 4999999 5000000 4999999 5000000 4999999 5000000 4999999 5000000 4999999 5000000 4999999 5000000 4999999 5000000 4999999 5000000 4999999 5000000 4999999 5000000 4999999 5000000 4999999 5000000 4999999 5000000 4999999 5000000 4999999 5000000 4999999 5000000 4999999 5000000 4999999 5000000 4999999 5000000 4999999 5000000 4999999 5000000 4999999 5000000 4999999 5000000 4999999 5000000 4999999 5000000 4999999 5000000 4999999 5000000 4999999 5000000 4999999 5000000 4999999 5000000 4999999 5000000 4999999 5000000 4999999 5000000 4999999 5000000 4999999 5000000 4999999 5000000 4999999 5000000 4999999 5000000 4999999 5000000 4999999 5000000 4999999 5000000 4999999 5000000 4999999 5000000 4999999 5000000 4999999 5000000 4999999 5000000 4999999 5000000 4999999 5000000 4999999 5000000 4999999 5000000 4999999 5000000 4999999 5000000 4999999 5000000 4999999 5000000 4999999 5000000 4999999 5000000 4999999 5000000 4999999 5000000 4999999 5000000 4999999 5000000 4999999 5000000 4999999 5000000 4999999 5000000 4999999 5000000 4999999 5000000 4999999 5000000 4999999 5000000 4999999 5000000 4999999 5000000 4999999 5000000 4999999 5000000 4999999 5000000 4999999 5000000 4999999 5000000 4999999 5000000 4999999 5000000 4999999 5000000 4999999 5000000

