40
4 6 4
1 4 2 1
100 10 1
1
5 5 11
2 4 2 3 4 2 1 2 1 3 4
100000000 2 2
1 2
1000000 200 11
43 34 39 11 22 35 46 59 16 13 34
1 10 10
4 3 4 1 2 5 6 9 1 10
10000000 10 15
1 1 1 1 1 1 1 1 1 1 1 1 1 1 1
1000 10 9
1 1 1 1 1 1 1 1 1
934 99 10
98 98 98 98 98 98 98 98 98 98
454 7 10
1 2 3 3 2 1 1 2 3 1
1000 100 10
4 3 9 1 2 5 6 9 1 10
1000 100 10
10 10 10 10 10 10 10 10 10 10
416 40 9
8 8 8 9 7 7 6 9 8
747 69 5
7 6 5 5 6
99999999 10000000 999
5000001 5000001 5000001 5000001 5000001 5000001 5000001 5000001 5000001 5000001 5000001 5000001 5000001 5000001 5000001 5000001 5000001 5000001 5000001 5000001 5000001 5000001 5000001 5000001 5000001 5000001 5000001 5000001 5000001 5000001 5000001 5000001 5000001 5000001 5000001 5000001 5000001 5000001 5000001 5000001 5000001 5000001 5000001 5000001 5000001 5000001 5000001 5000001 5000001 5000001 5000001 5000001 5000001 5000001 5000001 5000001 5000001 5000001 5000001 5000001 5000001 5000001 5000001 5000001 5000001 5000001 5000001 5000001 5000001 5000001 5000001 5000001 5000001 5000001 5000001 5000001 5000001 5000001 5000001 5000001 5000001 5000001 5000001 5000001 5000001 5000001 5000001 5000001 5000001 5000001 5000001 5000001 5000001 5000001 5000001 5000001 5000001 5000001 5000001 5000001 5000001 5000001 5000001 5000001 5000001 5000001 5000001 5000001 5000001 5000001 5000001 5000001 5000001 5000001 5000001 5000001 5000001 5000001 5000001 5000001 5000001 5000001 5000001 5000001 5000001 5000001 5000001 5000001 5000001 5000001 5000001 5000001 5000001 5000001 5000001 5000001 5000001 5000001 5000001 5000001 5000001 5000001 5000001 5000001 5000001 5000001 5000001 5000001 5000001 5000001 5000001 5000001 5000001 5000001 5000001 5000001 5000001 5000001 5000001 5000001 5000001 5000001 5000001 5000001 5000001 5000001 5000001 5000001 5000001 5000001 5000001 5000001 5000001 5000001 5000001 5000001 5000001 5000001 5000001 5000001 5000001 5000001 5000001 5000001 5000001 5000001 5000001 5000001 5000001 5000001 5000001 5000001 5000001 5000001 5000001 5000001 5000001 5000001 5000001 5000001 5000001 5000001 5000001 5000001 5000001 5000001 5000001 5000001 5000001 5000001 5000001 5000001 5000001 5000001 5000001 5000001 5000001 5000001 5000001 5000001 5000001 5000001 5000001 5000001 5000001 5000001 5000001 5000001 5000001 5000001 5000001 5000001 5000001 5000001 5000001 5000001 5000001 5000001 5000001 5000001 5000001 5000001 5000001 5000001 5000001 5000001 5000001 5000001 5000001 5000001 5000001 5000001 5000001 5000001 5000001 5000001 5000001 5000001 5000001 5000001 5000001 5000001 5000001 5000001 5000001 5000001 5000001 5000001 5000001 5000001 5000001 5000001 5000001 5000001 5000001 5000001 5000001 5000001 5000001 5000001 5000001 5000001 5000001 5000001 5000001 5000001 5000001 5000001 5000001 5000001 5000001 5000001 5000001 5000001 5000001 5000001 5000001 5000001 5000001 5000001 5000001 5000001 5000001 5000001 5000001 5000001 5000001 5000001 5000001 5000001 5000001 5000001 5000001 5000001 5000001 5000001 5000001 5000001 5000001 5000001 5000001 5000001 5000001 5000001 5000001 5000001 5000001 5000001 5000001 5000001 5000001 5000001 5000001 5000001 5000001 5000001 5000001 5000001 5000001 5000001 5000001 5000001 5000001 5000001 5000001 5000001 5000001 5000001 5000001 5000001 5000001 5000001 5000001 5000001 5000001 5000001 5000001 5000001 5000001 5000001 5000001 5000001 5000001 5000001 5000001 5000001 5000001 5000001 5000001 5000001 5000001 5000001 5000001 5000001 5000001 5000001 5000001 5000001 5000001 5000001 5000001 5000001 5000001 5000001 5000001 5000001 5000001 5000001 5000001 5000001 5000001 5000001 5000001 5000001 5000001 5000001 5000001 5000001 5000001 5000001 5000001 5000001 5000001 5000001 5000001 5000001 5000001 5000001 5000001 5000001 5000001 5000001 5000001 5000001 5000001 5000001 5000001 5000001 5000001 5000001 5000001 5000001 5000001 5000001 5000001 5000001 5000001 5000001 5000001 5000001 5000001 5000001 5000001 5000001 5000001 5000001 5000001 5000001 5000001 5000001 5000001 5000001 5000001 5000001 5000001 5000001 5000001 5000001 5000001 5000001 5000001 5000001 5000001 5000001 5000001 5000001 5000001 5000001 5000001 5000001 5000001 5000001 5000001 5000001 5000001 5000001 5000001 5000001 5000001 5000001 5000001 5000001 5000001 5000001 5000001 5000001 5000001 5000001 5000001 5000001 5000001 5000001 5000001 5000001 5000001 5000001 5000001 5000001 5000001 5000001 5000001 5000001 5000001 5000001 5000001 5000001 5000001 5000001 5000001 5000001 5000001 5000001 5000001 5000001 5000001 5000001 5000001 5000001 5000001 5000001 5000001 5000001 5000001 5000001 5000001 5000001 5000001 5000001 5000001 5000001 5000001 5000001 5000001 5000001 5000001 5000001 5000001 5000001 5000001 5000001 5000001 5000001 5000001 5000001 5000001 5000001 5000001 5000001 5000001 5000001 5000001 5000001 5000001 5000001 5000001 5000001 5000001 5000001 5000001 5000001 5000001 5000001 5000001 5000001 5000001 5000001 5000001 5000001 5000001 5000001 5000001 5000001 5000001 5000001 5000001 5000001 5000001 5000001 5000001 5000001 5000001 5000001 5000001 5000001 5000001 5000001 5000001 5000001 5000001 5000001 5000001 5000001 5000001 5000001 5000001 5000001 5000001 5000001 5000001 5000001 5000001 5000001 5000001 5000001 5000001 5000001 5000001 5000001 5000001 5000001 5000001 5000001 5000001 5000001 5000001 5000001 5000001 5000001 5000001 5000001 5000001 5000001 5000001 5000001 5000001 5000001 5000001 5000001 5000001 5000001 5000001 5000001 5000001 5000001 5000001 5000001 5000001 5000001 5000001 5000001 5000001 5000001 5000001 5000001 5000001 5000001 5000001 5000001 5000001 5000001 5000001 5000001 5000001 5000001 5000001 5000001 5000001 5000001 5000001 5000001 5000001 5000001 5000001 5000001 5000001 5000001 5000001 5000001 5000001 5000001 5000001 5000001 5000001 5000001 5000001 5000001 5000001 5000001 5000001 5000001 5000001 5000001 5000001 5000001 5000001 5000001 5000001 5000001 5000001 5000001 5000001 5000001 5000001 5000001 5000001 5000001 5000001 5000001 5000001 5000001 5000001 5000001 5000001 5000001 5000001 5000001 5000001 5000001 5000001 5000001 5000001 5000001 5000001 5000001 5000001 5000001 5000001 5000001 5000001 5000001 5000001 5000001 5000001 5000001 5000001 5000001 5000001 5000001 5000001 5000001 5000001 5000001 5000001 5000001 5000001 5000001 5000001 5000001 5000001 5000001 5000001 5000001 5000001 5000001 5000001 5000001 5000001 5000001 5000001 5000001 5000001 5000001 5000001 5000001 5000001 5000001 5000001 5000001 5000001 5000001 5000001 5000001 5000001 5000001 5000001 5000001 5000001 5000001 5000001 5000001 5000001 5000001 5000001 5000001 5000001 5000001 5000001 5000001 5000001 5000001 5000001 5000001 5000001 5000001 5000001 5000001 5000001 5000001 5000001 5000001 5000001 5000001 5000001 5000001 5000001 5000001 5000001 5000001 5000001 5000001 5000001 5000001 5000001 5000001 5000001 5000001 5000001 5000001 5000001 5000001 5000001 5000001 5000001 5000001 5000001 5000001 5000001 5000001 5000001 5000001 5000001 5000001 5000001 5000001 5000001 5000001 5000001 5000001 5000001 5000001 5000001 5000001 5000001 5000001 5000001 5000001 5000001 5000001 5000001 5000001 5000001 5000001 5000001 5000001 5000001 5000001 5000001 5000001 5000001 5000001 5000001 5000001 5000001 5000001 5000001 5000001 5000001 5000001 5000001 5000001 5000001 5000001 5000001 5000001 5000001 5000001 5000001 5000001 5000001 5000001 5000001 5000001 5000001 5000001 5000001 5000001 5000001 5000001 5000001 5000001 5000001 5000001 5000001 5000001 5000001 5000001 5000001 5000001 5000001 5000001 5000001 5000001 5000001 5000001 5000001 5000001 5000001 5000001 5000001 5000001 5000001 5000001 5000001 5000001 5000001 5000001 5000001 5000001 5000001 5000001 5000001 5000001 5000001 5000001 5000001 5000001 5000001 5000001 5000001 5000001 5000001 5000001 5000001 5000001 5000001 5000001 5000001 5000001 5000001 5000001 5000001 5000001 5000001 5000001 5000001 5000001 5000001 5000001 5000001 5000001 5000001 5000001 5000001 5000001 5000001 5000001 5000001 5000001 5000001 5000001 5000001 5000001 5000001 5000001 5000001 5000001 5000001 5000001 5000001 5000001 5000001 5000001 5000001 5000001 5000001 5000001 5000001 5000001 5000001 5000001 5000001 5000001 5000001 5000001 5000001 5000001 5000001 5000001 5000001 5000001 5000001 5000001 5000001 5000001 5000001 5000001 5000001 5000001 5000001 5000001 5000001 5000001 5000001 5000001 5000001 5000001 5000001 5000001 5000001 5000001 5000001 5000001 5000001 5000001 5000001 5000001 5000001 5000001 5000001
99999996 10000000 2
5000001 5000001
99999998 9999998 998
4999999 5000000 4999999 5000000 4999999 5000000 4999999 5000000 4999999 5000000 4999999 5000000 4999999 5000000 4999999 5000000 4999999 5000000 4999999 5000000 4999999 5000000 4999999 5000000 4999999 5000000 4999999 5000000 4999999 5000000 4999999 5000000 4999999 5000000 4999999 5000000 4999999 5000000 4999999 5000000 4999999 5000000 4999999 5000000 4999999 5000000 4999999 5000000 4999999 5000000 4999999 5000000 4999999 5000000 4999999 5000000 4999999 5000000 4999999 5000000 4999999 5000000 4999999 5000000 4999999 5000000 4999999 5000000 4999999 5000000 4999999 5000000 4999999 5000000 4999999 5000000 4999999 5000000 4999999 5000000 4999999 5000000 4999999 5000000 4999999 5000000 4999999 5000000 4999999 5000000 4999999 5000000 4999999 5000000 4999999 5000000 4999999 5000000 4999999 5000000 4999999 5000000 4999999 5000000 4999999 5000000 4999999 5000000 4999999 5000000 4999999 5000000 4999999 5000000 4999999 5000000 4999999 5000000 4999999 5000000 4999999 5000000 4999999 5000000 4999999 5000000 4999999 5000000 4999999 5000000 4999999 5000000 4999999 5000000 4999999 5000000 4999999 5000000 4999999 5000000 4999999 5000000 4999999 5000000 4999999 5000000 4999999 5000000 4999999 5000000 4999999 5000000 4999999 5000000 4999999 5000000 4999999 5000000 4999999 5000000 4999999 5000000 4999999 5000000 4999999 5000000 4999999 5000000 4999999 5000000 4999999 5000000 4999999 5000000 4999999 5000000 4999999 5000000 4999999 5000000 4999999 5000000 4999999 5000000 4999999 5000000 4999999 5000000 4999999 5000000 4999999 5000000 4999999 5000000 4999999 5000000 4999999 5000000 4999999 5000000 4999999 5000000 4999999 5000000 4999999 5000000 4999999 5000000 4999999 5000000 4999999 5000000 4999999 5000000 4999999 5000000 4999999 5000000 4999999 5000000 4999999 5000000 4999999 5000000 4999999 5000000 4999999 5000000 4999999 5000000 4999999 5000000 4999999 5000000 4999999 5000000 4999999 5000000 4999999 5000000 4999999 5000000 4999999 5000000 4999999 5000000 4999999 5000000 4999999 5000000 4999999 5000000 4999999 5000000 4999999 5000000 4999999 5000000 4999999 5000000 4999999 5000000 4999999 5000000 4999999 5000000 4999999 5000000 4999999 5000000 4999999 5000000 4999999 5000000 4999999 5000000 4999999 5000000 4999999 5000000 4999999 5000000 4999999 5000000 4999999 5000000 4999999 5000000 4999999 5000000 4999999 5000000 4999999 5000000 4999999 5000000 4999999 5000000 4999999 5000000 4999999 5000000 4999999 5000000 4999999 5000000 4999999 5000000 4999999 5000000 4999999 5000000 4999999 5000000 4999999 5000000 4999999 5000000 4999999 5000000 4999999 5000000 4999999 5000000 4999999 5000000 4999999 5000000 4999999 5000000 4999999 5000000 4999999 5000000 4999999 5000000 4999999 5000000 4999999 5000000 4999999 5000000 4999999 5000000 4999999 5000000 4999999 5000000 4999999 5000000 4999999 5000000 4999999 5000000 4999999 5000000 4999999 5000000 4999999 5000000 4999999 5000000 4999999 5000000 4999999 5000000 4999999 5000000 4999999 5000000 4999999 5000000 4999999 5000000 4999999 5000000 4999999 5000000 4999999 5000000 4999999 5000000 4999999 5000000 4999999 5000000 4999999 5000000 4999999 5000000 4999999 5000000 4999999 5000000 4999999 5000000 4999999 5000000 4999999 5000000 4999999 5000000 4999999 5000000 4999999 5000000 4999999 5000000 4999999 5000000 4999999 5000000 4999999 5000000 4999999 5000000 4999999 5000000 4999999 5000000 4999999 5000000 4999999 5000000 4999999 5000000 4999999 5000000 4999999 5000000 4999999 5000000 4999999 5000000 4999999 5000000 4999999 5000000 4999999 5000000 4999999 5000000 4999999 5000000 4999999 5000000 4999999 5000000 4999999 5000000 4999999 5000000 4999999 5000000 4999999 5000000 4999999 5000000 4999999 5000000 4999999 5000000 4999999 5000000 4999999 5000000 4999999 5000000 4999999 5000000 4999999 5000000 4999999 5000000 4999999 5000000 4999999 5000000 4999999 5000000 4999999 5000000 4999999 5000000 4999999 5000000 4999999 5000000 4999999 5000000 4999999 5000000 4999999 5000000 4999999 5000000 4999999 5000000 4999999 5000000 4999999 5000000 4999999 5000000 4999999 5000000 4999999 5000000 4999999 5000000 4999999 5000000 4999999 5000000 4999999 5000000 4999999 5000000 4999999 5000000 4999999 5000000 4999999 5000000 4999999 5000000 4999999 5000000 4999999 5000000 4999999 5000000 4999999 5000000 4999999 5000000 4999999 5000000 4999999 5000000 4999999 5000000 4999999 5000000 4999999 5000000 4999999 5000000 4999999 5000000 4999999 5000000 4999999 5000000 4999999 5000000 4999999 5000000 4999999 5000000 4999999 5000000 4999999 5000000 4999999 5000000 4999999 5000000 4999999 5000000 4999999 5000000 4999999 5000000 4999999 5000000 4999999 5000000 4999999 5000000 4999999 5000000 4999999 5000000 4999999 5000000 4999999 5000000 4999999 5000000 4999999 5000000 4999999 5000000 4999999 5000000 4999999 5000000 4999999 5000000 4999999 5000000 4999999 5000000 4999999 5000000 4999999 5000000 4999999 5000000 4999999 5000000 4999999 5000000 4999999 5000000 4999999 5000000 4999999 5000000 4999999 5000000 4999999 5000000 4999999 5000000 4999999 5000000 4999999 5000000 4999999 5000000 4999999 5000000 4999999 5000000 4999999 5000000 4999999 5000000 4999999 5000000 4999999 5000000 4999999 5000000 4999999 5000000 4999999 5000000 4999999 5000000 4999999 5000000 4999999 5000000 4999999 5000000 4999999 5000000 4999999 5000000 4999999 5000000 4999999 5000000 4999999 5000000 4999999 5000000 4999999 5000000 4999999 5000000 4999999 5000000 4999999 5000000 4999999 5000000 4999999 5000000 4999999 5000000 4999999 5000000 4999999 5000000 4999999 5000000 4999999 5000000 4999999 5000000 4999999 5000000 4999999 5000000 4999999 5000000 4999999 5000000 4999999 5000000 4999999 5000000 4999999 5000000 4999999 5000000 4999999 5000000 4999999 5000000 4999999 5000000 4999999 5000000 4999999 5000000 4999999 5000000 4999999 5000000 4999999 5000000 4999999 5000000 4999999 5000000 4999999 5000000 4999999 5000000 4999999 5000000 4999999 5000000 4999999 5000000 4999999 5000000 4999999 5000000 4999999 5000000 4999999 5000000 4999999 5000000 4999999 5000000 4999999 5000000 4999999 5000000 4999999 5000000 4999999 5000000 4999999 5000000 4999999 5000000 4999999 5000000 4999999 5000000 4999999 5000000 4999999 5000000 4999999 5000000 4999999 5000000 4999999 5000000 4999999 5000000 4999999 5000000 4999999 5000000 4999999 5000000 4999999 5000000 4999999 5000000 4999999 5000000 4999999 5000000 4999999 5000000 4999999 5000000 4999999 5000000 4999999 5000000 4999999 5000000 4999999 5000000 4999999 5000000 4999999 5000000 4999999 5000000 4999999 5000000 4999999 5000000 4999999 5000000 4999999 5000000 4999999 5000000 4999999 5000000 4999999 5000000 4999999 5000000 4999999 5000000 4999999 5000000 4999999 5000000 4999999 5000000 4999999 5000000 4999999 5000000 4999999 5000000 4999999 5000000 4999999 5000000 4999999 5000000 4999999 5000000 4999999 5000000 4999999 5000000 4999999 5000000 4999999 5000000 4999999 5000000 4999999 5000000 4999999 5000000 4999999 5000000 4999999 5000000 4999999 5000000 4999999 5000000 4999999 5000000 4999999 5000000 4999999 5000000 4999999 5000000 4999999 5000000 4999999 5000000 4999999 5000000 4999999 5000000 4999999 5000000 4999999 5000000 4999999 5000000 4999999 5000000 4999999 5000000 4999999 5000000 4999999 5000000 4999999 5000000 4999999 5000000 4999999 5000000 4999999 5000000 4999999 5000000 4999999 5000000 4999999 5000000 4999999 5000000 4999999 5000000 4999999 5000000 4999999 5000000 4999999 5000000 4999999 5000000 4999999 5000000 4999999 5000000 4999999 5000000 4999999 5000000 4999999 5000000 4999999 5000000 4999999 5000000 4999999 5000000 4999999 5000000 4999999 5000000 4999999 5000000 4999999 5000000 4999999 5000000 4999999 5000000 4999999 5000000 4999999 5000000 4999999 5000000 4999999 5000000 4999999 5000000 4999999 5000000 4999999 5000000 4999999 5000000 4999999 5000000 4999999 5000000 4999999 5000000 4999999 5000000 4999999 5000000 4999999 5000000 4999999 5000000 4999999 5000000 4999999 5000000 4999999 5000000 4999999 5000000 4999999 5000000 4999999 5000000
65432572 3456626 1000
3456626 1 3456626 1 3456626 1 3456626 1 3456626 1 3456626 1 3456626 1 3456626 1 3456626 1 3456626 1 3456626 1 3456626 1 3456626 1 3456626 1 3456626 1 3456626 1 3456626 1 3456626 1 3456626 1 3456626 1 3456626 1 3456626 1 3456626 1 3456626 1 3456626 1 3456626 1 3456626 1 3456626 1 3456626 1 3456626 1 3456626 1 3456626 1 3456626 1 3456626 1 3456626 1 3456626 1 3456626 1 3456626 1 3456626 1 3456626 1 3456626 1 3456626 1 3456626 1 3456626 1 3456626 1 3456626 1 3456626 1 3456626 1 3456626 1 3456626 1 3456626 1 3456626 1 3456626 1 3456626 1 3456626 1 3456626 1 3456626 1 3456626 1 3456626 1 3456626 1 3456626 1 3456626 1 3456626 1 3456626 1 3456626 1 3456626 1 3456626 1 3456626 1 3456626 1 3456626 1 3456626 1 3456626 1 3456626 1 3456626 1 3456626 1 3456626 1 3456626 1 3456626 1 3456626 1 3456626 1 3456626 1 3456626 1 3456626 1 3456626 1 3456626 1 3456626 1 3456626 1 3456626 1 3456626 1 3456626 1 3456626 1 3456626 1 3456626 1 3456626 1 3456626 1 3456626 1 3456626 1 3456626 1 3456626 1 3456626 1 3456626 1 3456626 1 3456626 1 3456626 1 3456626 1 3456626 1 3456626 1 3456626 1 3456626 1 3456626 1 3456626 1 3456626 1 3456626 1 3456626 1 3456626 1 3456626 1 3456626 1 3456626 1 3456626 1 3456626 1 3456626 1 3456626 1 3456626 1 3456626 1 3456626 1 3456626 1 3456626 1 3456626 1 3456626 1 3456626 1 3456626 1 3456626 1 3456626 1 3456626 1 3456626 1 3456626 1 3456626 1 3456626 1 3456626 1 3456626 1 3456626 1 3456626 1 3456626 1 3456626 1 3456626 1 3456626 1 3456626 1 3456626 1 3456626 1 3456626 1 3456626 1 3456626 1 3456626 1 3456626 1 3456626 1 3456626 1 3456626 1 3456626 1 3456626 1 3456626 1 3456626 1 3456626 1 3456626 1 3456626 1 3456626 1 3456626 1 3456626 1 3456626 1 3456626 1 3456626 1 3456626 1 3456626 1 3456626 1 3456626 1 3456626 1 3456626 1 3456626 1 3456626 1 3456626 1 3456626 1 3456626 1 3456626 1 3456626 1 3456626 1 3456626 1 3456626 1 3456626 1 3456626 1 3456626 1 3456626 1 3456626 1 3456626 1 3456626 1 3456626 1 3456626 1 3456626 1 3456626 1 3456626 1 3456626 1 3456626 1 3456626 1 3456626 1 3456626 1 3456626 1 3456626 1 3456626 1 3456626 1 3456626 1 3456626 1 3456626 1 3456626 1 3456626 1 3456626 1 3456626 1 3456626 1 3456626 1 3456626 1 3456626 1 3456626 1 3456626 1 3456626 1 3456626 1 3456626 1 3456626 1 3456626 1 3456626 1 3456626 1 3456626 1 3456626 1 3456626 1 3456626 1 3456626 1 3456626 1 3456626 1 3456626 1 3456626 1 3456626 1 3456626 1 3456626 1 3456626 1 3456626 1 3456626 1 3456626 1 3456626 1 3456626 1 3456626 1 3456626 1 3456626 1 3456626 1 3456626 1 3456626 1 3456626 1 3456626 1 3456626 1 3456626 1 3456626 1 3456626 1 3456626 1 3456626 1 3456626 1 3456626 1 3456626 1 3456626 1 3456626 1 3456626 1 3456626 1 3456626 1 3456626 1 3456626 1 3456626 1 3456626 1 3456626 1 3456626 1 3456626 1 3456626 1 3456626 1 3456626 1 3456626 1 3456626 1 3456626 1 3456626 1 3456626 1 3456626 1 3456626 1 3456626 1 3456626 1 3456626 1 3456626 1 3456626 1 3456626 1 3456626 1 3456626 1 3456626 1 3456626 1 3456626 1 3456626 1 3456626 1 3456626 1 3456626 1 3456626 1 3456626 1 3456626 1 3456626 1 3456626 1 3456626 1 3456626 1 3456626 1 3456626 1 3456626 1 3456626 1 3456626 1 3456626 1 3456626 1 3456626 1 3456626 1 3456626 1 3456626 1 3456626 1 3456626 1 3456626 1 3456626 1 3456626 1 3456626 1 3456626 1 3456626 1 3456626 1 3456626 1 3456626 1 3456626 1 3456626 1 3456626 1 3456626 1 3456626 1 3456626 1 3456626 1 3456626 1 3456626 1 3456626 1 3456626 1 3456626 1 3456626 1 3456626 1 3456626 1 3456626 1 3456626 1 3456626 1 3456626 1 3456626 1 3456626 1 3456626 1 3456626 1 3456626 1 3456626 1 3456626 1 3456626 1 3456626 1 3456626 1 3456626 1 3456626 1 3456626 1 3456626 1 3456626 1 3456626 1 3456626 1 3456626 1 3456626 1 3456626 1 3456626 1 3456626 1 3456626 1 3456626 1 3456626 1 3456626 1 3456626 1 3456626 1 3456626 1 3456626 1 3456626 1 3456626 1 3456626 1 3456626 1 3456626 1 3456626 1 3456626 1 3456626 1 3456626 1 3456626 1 3456626 1 3456626 1 3456626 1 3456626 1 3456626 1 3456626 1 3456626 1 3456626 1 3456626 1 3456626 1 3456626 1 3456626 1 3456626 1 3456626 1 3456626 1 3456626 1 3456626 1 3456626 1 3456626 1 3456626 1 3456626 1 3456626 1 3456626 1 3456626 1 3456626 1 3456626 1 3456626 1 3456626 1 3456626 1 3456626 1 3456626 1 3456626 1 3456626 1 3456626 1 3456626 1 3456626 1 3456626 1 3456626 1 3456626 1 3456626 1 3456626 1 3456626 1 3456626 1 3456626 1 3456626 1 3456626 1 3456626 1 3456626 1 3456626 1 3456626 1 3456626 1 3456626 1 3456626 1 3456626 1 3456626 1 3456626 1 3456626 1 3456626 1 3456626 1 3456626 1 3456626 1 3456626 1 3456626 1 3456626 1 3456626 1 3456626 1 3456626 1 3456626 1 3456626 1 3456626 1 3456626 1 3456626 1 3456626 1 3456626 1 3456626 1 3456626 1 3456626 1 3456626 1 3456626 1 3456626 1 3456626 1 3456626 1 3456626 1 3456626 1 3456626 1 3456626 1 3456626 1 3456626 1 3456626 1 3456626 1 3456626 1 3456626 1 3456626 1 3456626 1 3456626 1 3456626 1 3456626 1 3456626 1 3456626 1 3456626 1 3456626 1 3456626 1 3456626 1 3456626 1 3456626 1 3456626 1 3456626 1 3456626 1 3456626 1 3456626 1 3456626 1 3456626 1 3456626 1
7343433 19225 777
24 48 72 96 120 144 168 192 216 240 264 288 312 336 360 384 408 432 456 480 504 528 552 576 600 624 648 672 696 720 744 768 792 816 840 864 888 912 936 960 984 1008 1032 1056 1080 1104 1128 1152 1176 1200 1224 1248 1272 1296 1320 1344 1368 1392 1416 1440 1464 1488 1512 1536 1560 1584 1608 1632 1656 1680 1704 1728 1752 1776 1800 1824 1848 1872 1896 1920 1944 1968 1992 2016 2040 2064 2088 2112 2136 2160 2184 2208 2232 2256 2280 2304 2328 2352 2376 2400 2424 2448 2472 2496 2520 2544 2568 2592 2616 2640 2664 2688 2712 2736 2760 2784 2808 2832 2856 2880 2904 2928 2952 2976 3000 3024 3048 3072 3096 3120 3144 3168 3192 3216 3240 3264 3288 3312 3336 3360 3384 3408 3432 3456 3480 3504 3528 3552 3576 3600 3624 3648 3672 3696 3720 3744 3768 3792 3816 3840 3864 3888 3912 3936 3960 3984 4008 4032 4056 4080 4104 4128 4152 4176 4200 4224 4248 4272 4296 4320 4344 4368 4392 4416 4440 4464 4488 4512 4536 4560 4584 4608 4632 4656 4680 4704 4728 4752 4776 4800 4824 4848 4872 4896 4920 4944 4968 4992 5016 5040 5064 5088 5112 5136 5160 5184 5208 5232 5256 5280 5304 5328 5352 5376 5400 5424 5448 5472 5496 5520 5544 5568 5592 5616 5640 5664 5688 5712 5736 5760 5784 5808 5832 5856 5880 5904 5928 5952 5976 6000 6024 6048 6072 6096 6120 6144 6168 6192 6216 6240 6264 6288 6312 6336 6360 6384 6408 6432 6456 6480 6504 6528 6552 6576 6600 6624 6648 6672 6696 6720 6744 6768 6792 6816 6840 6864 6888 6912 6936 6960 6984 7008 7032 7056 7080 7104 7128 7152 7176 7200 7224 7248 7272 7296 7320 7344 7368 7392 7416 7440 7464 7488 7512 7536 7560 7584 7608 7632 7656 7680 7704 7728 7752 7776 7800 7824 7848 7872 7896 7920 7944 7968 7992 8016 8040 8064 8088 8112 8136 8160 8184 8208 8232 8256 8280 8304 8328 8352 8376 8400 8424 8448 8472 8496 8520 8544 8568 8592 8616 8640 8664 8688 8712 8736 8760 8784 8808 8832 8856 8880 8904 8928 8952 8976 9000 9024 9048 9072 9096 9120 9144 9168 9192 9216 9240 9264 9288 9312 9336 9360 9384 9408 9432 9456 9480 9504 9528 9552 9576 9600 9624 9648 9672 9696 9720 9744 9768 9792 9816 9840 9864 9888 9912 9936 9960 9984 10008 10032 10056 10080 10104 10128 10152 10176 10200 10224 10248 10272 10296 10320 10344 10368 10392 10416 10440 10464 10488 10512 10536 10560 10584 10608 10632 10656 10680 10704 10728 10752 10776 10800 10824 10848 10872 10896 10920 10944 10968 10992 11016 11040 11064 11088 11112 11136 11160 11184 11208 11232 11256 11280 11304 11328 11352 11376 11400 11424 11448 11472 11496 11520 11544 11568 11592 11616 11640 11664 11688 11712 11736 11760 11784 11808 11832 11856 11880 11904 11928 11952 11976 12000 12024 12048 12072 12096 12120 12144 12168 12192 12216 12240 12264 12288 12312 12336 12360 12384 12408 12432 12456 12480 12504 12528 12552 12576 12600 12624 12648 12672 12696 12720 12744 12768 12792 12816 12840 12864 12888 12912 12936 12960 12984 13008 13032 13056 13080 13104 13128 13152 13176 13200 13224 13248 13272 13296 13320 13344 13368 13392 13416 13440 13464 13488 13512 13536 13560 13584 13608 13632 13656 13680 13704 13728 13752 13776 13800 13824 13848 13872 13896 13920 13944 13968 13992 14016 14040 14064 14088 14112 14136 14160 14184 14208 14232 14256 14280 14304 14328 14352 14376 14400 14424 14448 14472 14496 14520 14544 14568 14592 14616 14640 14664 14688 14712 14736 14760 14784 14808 14832 14856 14880 14904 14928 14952 14976 15000 15024 15048 15072 15096 15120 15144 15168 15192 15216 15240 15264 15288 15312 15336 15360 15384 15408 15432 15456 15480 15504 15528 15552 15576 15600 15624 15648 15672 15696 15720 15744 15768 15792 15816 15840 15864 15888 15912 15936 15960 15984 16008 16032 16056 16080 16104 16128 16152 16176 16200 16224 16248 16272 16296 16320 16344 16368 16392 16416 16440 16464 16488 16512 16536 16560 16584 16608 16632 16656 16680 16704 16728 16752 16776 16800 16824 16848 16872 16896 16920 16944 16968 16992 17016 17040 17064 17088 17112 17136 17160 17184 17208 17232 17256 17280 17304 17328 17352 17376 17400 17424 17448 17472 17496 17520 17544 17568 17592 17616 17640 17664 17688 17712 17736 17760 17784 17808 17832 17856 17880 17904 17928 17952 17976 18000 18024 18048 18072 18096 18120 18144 18168 18192 18216 18240 18264 18288 18312 18336 18360 18384 18408 18432 18456 18480 18504 18528 18552 18576 18600 18624 18648
631454 1088300 1000
544017 543473 542929 542385 541841 541297 540753 540209 539665 539121 538577 538033 537489 536945 536401 535857 535313 534769 534225 533681 533137 532593 532049 531505 530961 530417 529873 529329 528785 528241 527697 527153 526609 526065 525521 524977 524433 523889 523345 522801 522257 521713 521169 520625 520081 519537 518993 518449 517905 517361 516817 516273 515729 515185 514641 514097 513553 513009 512465 511921 511377 510833 510289 509745 509201 508657 508113 507569 507025 506481 505937 505393 504849 504305 503761 503217 502673 502129 501585 501041 500497 499953 499409 498865 498321 497777 497233 496689 496145 495601 495057 494513 493969 493425 492881 492337 491793 491249 490705 490161 489617 489073 488529 487985 487441 486897 486353 485809 485265 484721 484177 483633 483089 482545 482001 481457 480913 480369 479825 479281 478737 478193 477649 477105 476561 476017 475473 474929 474385 473841 473297 472753 472209 471665 471121 470577 470033 469489 468945 468401 467857 467313 466769 466225 465681 465137 464593 464049 463505 462961 462417 461873 461329 460785 460241 459697 459153 458609 458065 457521 456977 456433 455889 455345 454801 454257 453713 453169 452625 452081 451537 450993 450449 449905 449361 448817 448273 447729 447185 446641 446097 445553 445009 444465 443921 443377 442833 442289 441745 441201 440657 440113 439569 439025 438481 437937 437393 436849 436305 435761 435217 434673 434129 433585 433041 432497 431953 431409 430865 430321 429777 429233 428689 428145 427601 427057 426513 425969 425425 424881 424337 423793 423249 422705 422161 421617 421073 420529 419985 419441 418897 418353 417809 417265 416721 416177 415633 415089 414545 414001 413457 412913 412369 411825 411281 410737 410193 409649 409105 408561 408017 407473 406929 406385 405841 405297 404753 404209 403665 403121 402577 402033 401489 400945 400401 399857 399313 398769 398225 397681 397137 396593 396049 395505 394961 394417 393873 393329 392785 392241 391697 391153 390609 390065 389521 388977 388433 387889 387345 386801 386257 385713 385169 384625 384081 383537 382993 382449 381905 381361 380817 380273 379729 379185 378641 378097 377553 377009 376465 375921 375377 374833 374289 373745 373201 372657 372113 371569 371025 370481 369937 369393 368849 368305 367761 367217 366673 366129 365585 365041 364497 363953 363409 362865 362321 361777 361233 360689 360145 359601 359057 358513 357969 357425 356881 356337 355793 355249 354705 354161 353617 353073 352529 351985 351441 350897 350353 349809 349265 348721 348177 347633 347089 346545 346001 345457 344913 344369 343825 343281 342737 342193 341649 341105 340561 340017 339473 338929 338385 337841 337297 336753 336209 335665 335121 334577 334033 333489 332945 332401 331857 331313 330769 330225 329681 329137 328593 328049 327505 326961 326417 325873 325329 324785 324241 323697 323153 322609 322065 321521 320977 320433 319889 319345 318801 318257 317713 317169 316625 316081 315537 314993 314449 313905 313361 312817 312273 311729 311185 310641 310097 309553 309009 308465 307921 307377 306833 306289 305745 305201 304657 304113 303569 303025 302481 301937 301393 300849 300305 299761 299217 298673 298129 297585 297041 296497 295953 295409 294865 294321 293777 293233 292689 292145 291601 291057 290513 289969 289425 288881 288337 287793 287249 286705 286161 285617 285073 284529 283985 283441 282897 282353 281809 281265 280721 280177 279633 279089 278545 278001 277457 276913 276369 275825 275281 274737 274193 273649 273105 272561 272017 271473 270929 270385 269841 269297 268753 268209 267665 267121 266577 266033 265489 264945 264401 263857 263313 262769 262225 261681 261137 260593 260049 259505 258961 258417 257873 257329 256785 256241 255697 255153 254609 254065 253521 252977 252433 251889 251345 250801 250257 249713 249169 248625 248081 247537 246993 246449 245905 245361 244817 244273 243729 243185 242641 242097 241553 241009 240465 239921 239377 238833 238289 237745 237201 236657 236113 235569 235025 234481 233937 233393 232849 232305 231761 231217 230673 230129 229585 229041 228497 227953 227409 226865 226321 225777 225233 224689 224145 223601 223057 222513 221969 221425 220881 220337 219793 219249 218705 218161 217617 217073 216529 215985 215441 214897 214353 213809 213265 212721 212177 211633 211089 210545 210001 209457 208913 208369 207825 207281 206737 206193 205649 205105 204561 204017 203473 202929 202385 201841 201297 200753 200209 199665 199121 198577 198033 197489 196945 196401 195857 195313 194769 194225 193681 193137 192593 192049 191505 190961 190417 189873 189329 188785 188241 187697 187153 186609 186065 185521 184977 184433 183889 183345 182801 182257 181713 181169 180625 180081 179537 178993 178449 177905 177361 176817 176273 175729 175185 174641 174097 173553 173009 172465 171921 171377 170833 170289 169745 169201 168657 168113 167569 167025 166481 165937 165393 164849 164305 163761 163217 162673 162129 161585 161041 160497 159953 159409 158865 158321 157777 157233 156689 156145 155601 155057 154513 153969 153425 152881 152337 151793 151249 150705 150161 149617 149073 148529 147985 147441 146897 146353 145809 145265 144721 144177 143633 143089 142545 142001 141457 140913 140369 139825 139281 138737 138193 137649 137105 136561 136017 135473 134929 134385 133841 133297 132753 132209 131665 131121 130577 130033 129489 128945 128401 127857 127313 126769 126225 125681 125137 124593 124049 123505 122961 122417 121873 121329 120785 120241 119697 119153 118609 118065 117521 116977 116433 115889 115345 114801 114257 113713 113169 112625 112081 111537 110993 110449 109905 109361 108817 108273 107729 107185 106641 106097 105553 105009 104465 103921 103377 102833 102289 101745 101201 100657 100113 99569 99025 98481 97937 97393 96849 96305 95761 95217 94673 94129 93585 93041 92497 91953 91409 90865 90321 89777 89233 88689 88145 87601 87057 86513 85969 85425 84881 84337 83793 83249 82705 82161 81617 81073 80529 79985 79441 78897 78353 77809 77265 76721 76177 75633 75089 74545 74001 73457 72913 72369 71825 71281 70737 70193 69649 69105 68561 68017 67473 66929 66385 65841 65297 64753 64209 63665 63121 62577 62033 61489 60945 60401 59857 59313 58769 58225 57681 57137 56593 56049 55505 54961 54417 53873 53329 52785 52241 51697 51153 50609 50065 49521 48977 48433 47889 47345 46801 46257 45713 45169 44625 44081 43537 42993 42449 41905 41361 40817 40273 39729 39185 38641 38097 37553 37009 36465 35921 35377 34833 34289 33745 33201 32657 32113 31569 31025 30481 29937 29393 28849 28305 27761 27217 26673 26129 25585 25041 24497 23953 23409 22865 22321 21777 21233 20689 20145 19601 19057 18513 17969 17425 16881 16337 15793 15249 14705 14161 13617 13073 12529 11985 11441 10897 10353 9809 9265 8721 8177 7633 7089 6545 6001 5457 4913 4369 3825 3281 2737 2193 1649 1105 561
63 186 92
8 144 50 101 13 142 116 123 14 117 38 186 161 61 61 5 101 12 33 76 184 153 3 3 20 170 62 168 85 37 169 90 178 32 5 2 173 118 124 184 48 159 182 21 33 54 25 132 65 56 21 63 22 21 63 41 2 124 22 87 160 3 174 149 34 176 150 19 106 85 16 153 58 9 171 88 63 8 31 127 63 51 1 82 72 63 122 73 1 141 157 158
72 126 91
103 120 82 29 39 29 72 76 78 21 88 1 35 93 26 3 63 56 106 42 119 114 41 88 46 68 88 12 4 48 100 104 40 53 6 76 79 78 23 30 96 111 29 4 75 54 4 12 109 109 53 102 95 94 61 12 33 20 21 34 68 120 12 107 45 15 56 123 92 77 27 59 61 53 60 9 106 64 18 86 46 71 59 12 36 119 24 66 13 44 99
75 129 92
7 38 66 3 49 73 106 124 93 29 8 89 87 21 78 110 17 101 25 19 49 127 90 124 9 22 70 18 15 129 14 21 29 79 15 69 15 113 64 99 4 63 50 82 76 128 63 84 99 79 102 10 77 54 5 77 75 74 94 89 65 100 101 93 49 108 32 55 91 87 24 86 13 66 39 88 64 93 34 25 42 6 34 110 60 30 58 126 103 14 86 30
60 163 94
120 19 14 70 135 70 141 48 27 70 19 84 159 154 120 32 30 140 142 132 27 76 92 35 102 61 34 8 59 67 83 128 35 96 34 120 116 124 117 92 143 135 13 138 125 82 119 104 8 48 72 34 73 113 19 124 11 52 131 19 68 51 146 103 96 129 59 48 40 12 140 19 96 102 107 57 133 12 110 141 59 19 124 131 81 142 42 91 31 9 59 98 59 154
84445884 393 505
18 136 105 146 66 27 55 124 113 7 15 3 117 110 119 1 121 122 37 173 127 135 109 169 46 25 12 30 78 61 151 95 152 15 45 22 41 55 145 110 62 159 112 178 28 186 134 149 111 170 81 193 64 189 122 110 17 133 95 50 149 49 101 104 63 101 125 59 155 30 168 20 144 83 153 172 73 90 80 139 20 116 136 83 108 61 148 80 149 46 130 101 50 186 160 112 90 89 171 48 74 98 24 21 181 176 148 13 26 31 151 1 146 46 39 13 106 187 93 14 188 178 114 42 167 78 109 60 122 83 63 195 181 86 19 121 22 167 133 3 153 43 3 59 89 41 27 150 183 75 164 175 56 37 172 178 70 84 193 147 123 16 145 63 101 120 139 78 46 31 80 154 73 38 168 117 35 195 27 21 73 190 151 85 182 126 22 12 166 19 158 48 34 107 110 90 182 52 168 31 82 7 140 110 1 112 31 35 110 57 11 138 6 162 26 143 47 48 154 168 22 116 19 11 178 84 100 163 91 27 149 128 186 48 42 186 159 28 176 28 40 186 122 1 107 147 143 154 150 101 81 127 172 100 137 153 139 193 75 34 23 179 161 164 30 158 153 145 185 132 128 180 78 53 180 184 156 83 141 65 139 178 192 114 81 88 26 175 84 56 12 63 190 173 30 175 90 139 123 79 30 55 18 107 63 2 95 22 84 191 87 178 172 82 95 12 169 76 187 13 131 154 75 80 86 60 58 176 2 137 58 32 147 75 94 13 32 144 35 71 139 121 52 70 158 102 38 86 177 180 98 67 137 128 146 27 188 8 6 145 144 19 132 94 49 30 62 81 173 96 107 71 172 159 97 89 20 134 175 1 117 32 67 57 116 169 39 63 132 44 11 79 62 143 128 67 128 189 147 60 45 13 131 20 127 31 109 147 120 43 147 192 30 169 52 145 97 91 11 32 90 174 110 108 120 193 174 51 186 80 110 34 92 196 9 23 182 73 169 61 71 75 56 101 3 108 5 100 154 168 131 47 145 1 110 24 193 87 30 138 166 95 127 62 51 136 40 36 12 12 97 83 42 108 139 44 19 99 143 128 70 78 131 170 78 44 193 30 131 178 168 56 77 98 117 127 37 156 118 5 123 170 43 164 82
83299708 395 599
77 189 91 65 111 112 51 172 164 23 60 178 18 96 11 194 52 66 10 57 98 21 187 161 26 22 165 109 84 49 189 160 40 38 180 107 149 34 37 71 56 52 52 29 147 62 26 155 83 35 14 136 11 3 100 190 177 23 101 19 71 48 178 66 85 117 128 189 106 165 63 117 19 114 145 122 175 126 79 16 117 92 152 127 50 54 75 182 76 176 3 102 179 180 123 67 55 54 58 160 174 76 79 148 189 180 72 122 108 150 138 27 197 48 110 5 101 184 186 132 118 188 189 100 127 70 122 181 123 179 100 55 14 134 6 5 116 77 83 180 183 176 9 182 26 118 143 126 61 131 16 178 122 7 80 7 32 157 187 155 95 45 165 108 179 170 68 53 6 150 35 188 128 197 128 153 73 73 37 133 160 52 114 40 14 149 46 46 109 188 156 6 36 79 69 170 52 136 25 13 89 16 3 172 15 86 128 87 115 120 176 77 128 92 72 97 196 117 98 63 107 12 24 142 91 92 70 142 184 95 154 75 66 112 5 80 153 88 122 70 11 100 102 138 147 173 190 102 48 91 164 155 102 144 55 192 191 125 92 177 175 48 10 43 115 15 78 71 102 155 96 68 58 154 161 160 85 154 64 133 47 184 46 104 130 100 99 79 180 190 59 157 194 24 155 111 191 188 181 96 146 36 119 159 189 83 121 76 39 185 11 41 171 56 144 59 112 1 137 94 191 151 10 143 175 120 56 124 111 193 22 15 31 97 173 175 179 52 53 173 39 20 169 165 31 115 26 98 72 119 148 21 72 157 163 5 79 21 129 145 169 106 115 155 5 90 132 139 142 141 114 136 160 85 104 146 156 85 3 183 6 150 6 34 109 168 38 143 144 122 47 116 184 161 73 188 10 8 86 107 104 155 45 22 196 104 167 154 189 169 95 194 121 100 30 185 70 24 87 169 145 133 87 131 96 116 78 61 79 163 167 182 76 15 6 74 74 128 183 65 56 80 62 176 179 47 120 7 70 9 176 171 141 21 60 192 136 93 56 170 14 178 154 90 192 115 163 25 46 149 89 101 31 106 35 166 153 110 172 178 118 106 107 17 127 167 12 21 62 23 191 76 3 103 165 151 174 130 175 22 37 66 78 68 128 68 36 83 178 163 19 98 28 126 115 154 95 82 130 112 104 79 187 62 138 110 15 114 196 189 91 35 14 168 102 141 38 93 179 18 15 197 116 42 81 186 151 131 70 83 46 129 118 188 190 58 57 161 127 55 152 20 89 121 187 147 20 180 195 154 154 12 110 28 53 190 16 6 124 41 45 125 169 118 115 117 131 171 80 60 181 188 79 73 67 24 175 87 159
88149010 305 579
23 107 123 114 81 67 110 71 62 133 68 81 109 143 9 144 78 5 18 30 141 60 84 24 132 91 146 115 110 11 55 132 134 41 93 62 108 66 148 17 46 79 114 2 69 122 9 10 142 42 56 147 101 139 18 96 94 27 59 51 37 129 30 34 33 138 95 140 68 106 21 113 32 134 131 117 119 3 126 124 45 29 118 145 32 135 105 125 25 27 39 78 19 84 111 51 69 70 39 136 23 75 113 55 72 107 19 38 109 8 25 1 37 143 10 84 141 130 72 14 4 110 91 22 41 65 88 125 134 142 109 5 64 85 59 135 55 77 36 11 84 77 28 136 83 53 83 71 30 2 100 33 111 54 70 151 119 21 124 100 11 96 104 74 44 26 73 98 118 124 124 66 64 151 49 146 51 148 81 96 149 28 144 124 98 61 138 64 82 125 27 108 68 147 45 127 20 117 88 138 105 60 51 16 74 115 26 141 126 106 84 123 149 76 110 94 152 95 21 97 68 48 52 151 58 97 142 93 77 77 78 45 136 144 61 58 123 86 62 112 55 145 98 51 84 55 145 84 150 13 44 81 76 96 79 133 56 68 74 132 9 15 25 144 23 101 65 9 50 126 120 104 135 66 2 66 136 10 13 133 39 57 77 114 16 20 111 71 103 48 66 111 78 106 103 100 70 31 124 119 21 108 86 19 37 104 100 20 113 113 17 151 33 93 129 48 112 87 134 63 134 63 21 59 17 139 23 86 34 10 69 54 117 2 88 1 121 35 21 82 11 53 96 43 145 72 106 105 22 103 31 3 14 51 78 30 54 116 131 87 125 47 4 106 65 91 122 33 125 142 130 136 58 90 42 51 9 148 19 31 98 49 49 127 115 142 4 16 105 151 118 94 45 121 47 125 75 16 22 48 22 15 47 79 104 104 145 113 115 11 7 77 59 55 51 22 61 71 53 13 69 19 122 129 139 32 102 62 48 139 125 85 1 35 27 121 138 20 97 117 30 103 41 105 21 91 126 97 9 26 110 77 44 95 54 47 127 19 124 38 21 96 122 37 146 12 5 147 31 101 111 77 67 151 29 104 90 2 48 114 43 21 39 103 116 108 149 106 142 120 143 10 79 112 46 88 123 67 82 18 31 41 94 114 39 122 81 144 139 144 106 29 13 8 147 144 115 143 113 104 126 103 129 68 78 22 3 64 104 85 81 135 141 38 96 27 7 24 19 9 15 140 38 43 147 48 50 109 39 10 76 28 112 52 112 53 89 114 117 41 62 45 39 50 83 134 93 105 21 127 114 35 114 15 94 108 62 7 80
89197235 360 546
40 108 30 43 169 30 60 9 170 94 137 84 87 71 165 15 140 57 157 105 112 10 179 61 165 100 11 176 56 111 2 147 91 83 9 79 165 120 139 154 85 95 110 172 38 146 58 177 23 35 153 6 96 151 66 133 70 128 128 177 59 2 143 21 84 23 99 68 15 57 94 99 151 75 90 8 40 148 56 62 54 28 119 21 50 56 153 172 4 153 168 114 154 3 134 109 77 52 177 91 160 142 10 2 36 151 10 75 170 117 9 43 145 127 116 14 55 88 5 58 112 45 171 85 99 124 14 175 47 62 86 26 75 147 27 110 117 88 56 107 25 64 21 41 63 136 54 169 96 111 46 27 27 88 164 125 31 49 171 129 162 76 154 56 42 52 165 31 12 92 9 36 28 29 76 142 37 1 130 132 163 175 30 61 82 65 5 164 113 176 112 94 123 137 21 37 60 57 119 71 149 127 158 176 155 105 137 11 106 86 14 140 132 96 21 85 160 77 68 145 124 51 110 67 7 131 155 66 59 93 9 27 39 166 74 65 91 82 128 68 39 141 79 170 108 99 74 140 48 13 156 171 63 85 109 121 87 83 7 146 47 67 44 85 52 118 22 14 71 149 133 110 161 32 151 89 2 97 48 49 109 23 92 44 159 20 164 66 155 42 83 73 108 178 30 32 115 51 45 58 19 178 167 179 81 9 87 82 105 6 3 86 80 94 129 59 165 164 176 11 26 130 84 5 127 113 36 114 163 81 171 1 130 29 51 30 37 138 163 142 15 165 99 95 130 99 25 115 82 20 177 159 21 80 164 147 64 19 80 46 151 122 98 152 150 149 53 7 158 36 20 44 20 170 138 150 88 34 136 41 105 132 20 125 32 55 144 147 125 43 13 148 37 162 119 6 2 172 64 31 27 135 75 98 176 84 119 83 118 74 176 94 78 15 39 161 121 2 127 65 96 139 84 132 173 23 10 46 66 125 77 144 132 23 61 127 106 52 30 95 125 77 9 22 91 99 2 83 100 129 19 67 139 103 71 3 125 80 49 62 76 177 25 27 19 137 154 176 8 55 143 5 131 23 78 93 121 132 47 92 80 65 30 90 167 100 145 163 51 13 44 127 9 120 153 79 77 178 74 136 104 36 140 106 110 38 70 50 41 116 13 172 1 43 81 167 14 97 150 65 109 65 11 169 5 35 119 133 85 13 88 8 100 100 114 30 9 55 131 49 171 16 40 171 110 172
98 20001642 588
77787 252943 300066 136498 223035 73449 211828 316192 101121 294302 276462 312521 415562 59649 77099 86653 448665 383021 36838 262392 471106 321373 104761 411107 489620 279353 410083 49938 29417 326774 7811 107195 272113 307867 243683 495139 73712 147907 3686 174824 134605 280138 179741 242563 32183 256830 329207 480839 139800 366035 435627 110856 379805 40337 214359 61780 319680 124392 111708 349087 143562 311956 148678 415665 312220 84757 410753 385922 425101 106835 253142 59655 386963 432874 494656 111543 189653 323812 284778 21850 189796 220354 325143 261997 453128 39451 323768 272757 163833 127872 314240 499832 439819 155315 415447 251988 432509 18555 137859 49966 125381 390992 302058 204740 16221 296663 316273 205864 120424 101000 420151 2617 13750 245243 264604 466868 284685 88321 432021 140914 408631 246211 140696 348399 93922 248539 100336 218827 267084 430632 268783 392455 13979 70791 289592 30190 367444 298261 428492 487859 399252 348592 182872 412992 93785 447466 72216 70866 228184 4186 404217 136764 442834 237309 485153 36705 485838 277885 255523 445319 400913 216702 30129 414883 287483 319711 445063 347324 117922 65910 335132 209570 414493 17953 314958 200674 157815 387164 463977 385989 391341 60549 215149 334124 297849 392698 63226 476083 170532 11145 421351 263842 227837 451471 178674 15270 271131 316133 54990 81449 382034 82518 291009 488923 292908 105917 381993 450713 185477 38325 29058 76767 98864 244197 103288 396703 329292 166504 372736 192220 177639 486483 456052 405466 437903 134675 113132 401431 450799 168112 482870 25188 250620 466276 206507 43477 264589 88449 186587 450056 319211 215635 26773 418065 152228 130051 7124 481510 296545 72256 173680 166580 58688 129681 71995 496582 456794 377565 90368 99948 45626 73187 125126 488684 231859 331623 224557 496438 112468 411134 446444 431669 126718 165613 42089 471384 488101 49203 452843 284595 121449 318919 143571 372575 448591 215556 369106 405334 285517 151870 5231 23540 417494 322794 12173 149303 346813 236720 145690 151677 147804 284530 275742 466959 450133 317821 438292 438183 367015 83491 415174 180860 402400 58694 53384 350940 466688 114886 448670 252154 266746 146297 468131 376637 161487 480294 25889 200696 409411 171569 352363 249611 148496 128054 216519 98578 138272 347208 36711 197683 430689 451875 378533 25444 202966 124314 68781 169603 431637 17400 114153 390780 356135 82234 267366 17571 254924 293245 410705 164284 157210 263017 106291 305696 83468 15207 404265 221730 362405 133372 419403 485490 277643 490332 10883 173005 307042 79654 35004 238629 289492 149148 129358 145576 423819 396714 355584 371139 382355 458685 227820 39514 221652 334101 37607 497557 349298 134268 411683 404099 267630 331035 81944 237669 13722 92818 410665 320755 364909 445659 59333 154350 287203 381128 492363 403418 277791 40303 274507 160095 498978 2276 392046 413026 336367 122049 410532 378062 256307 322164 474557 216333 345595 56451 146399 359308 149259 57013 372459 14117 195068 124188 360905 482262 5265 45623 385629 283046 85916 160085 135537 277291 354798 219979 190266 383562 342019 293195 261573 290722 307755 236079 199452 153300 292520 345841 205004 134175 402844 269859 340730 97861 394037 394031 272519 399292 439644 158098 182287 217957 10579 10220 495238 365368 422636 377900 441326 457051 171044 202848 247723 478790 131323 447165 324486 116240 292955 29439 442852 388195 299288 283531 486046 193274 369958 450962 284962 309552 109009 467239 219905 312025 169855 215092 369789 92440 285388 311064 49441 456423 206308 489601 127568 30028 129121 452044 146258 422066 173879 89059 310210 165563 64987 488652 358827 434935 439563 143738 436883 240968 303373 156737 245390 165624 64225 307575 450501 349604 118589 192338 498423 17293 181888 125940 47311 310999 270380 193559 425461 444249 475056 428067 109761 232439 109075 160984 359770 241034 497159 296603 174399 492928 145736 419779 350948 402399 227303 301398 444399 38288 493727 135177 55572 368011 261107 102873 371407 223883
74 20444981 502
173249 457767 298918 495684 492570 284587 489008 442225 300087 11277 308205 147625 447221 115941 509011 9960 178378 363171 428946 99977 180298 43212 352529 457034 493535 98171 38327 201096 150277 408244 444218 71792 354877 491402 315742 84589 264855 293616 275081 313208 53160 72152 460823 500371 188084 206976 258597 114728 59013 176409 214695 498702 219611 315491 444602 461412 413652 482919 410774 52795 380029 92134 124577 483173 72402 440309 56628 337247 222791 331699 398721 24217 403842 96686 272854 340192 303652 20317 454910 110931 456116 417871 98499 164593 222228 291367 374271 124746 263152 273911 436931 391448 366035 309774 363487 186703 498349 168381 272216 210007 500071 159803 493614 141055 4755 255335 481237 308397 275642 173289 167595 220625 80026 14360 133484 50521 305718 507746 175257 57736 18799 360455 197450 384825 159095 49803 319794 146311 218175 80877 104584 466512 500070 87064 96433 504816 342389 325936 50355 366298 499215 217940 75789 327507 232291 468663 378018 26875 465275 301542 344001 484065 150863 30318 106032 309948 339511 425816 204525 305952 254959 309099 9606 243896 144430 106029 237578 486809 431955 287923 341973 168312 505854 166028 495810 486411 123558 362694 261552 337099 153102 94419 310030 52231 384127 164328 110446 212505 338411 314961 266723 82236 372327 276320 326122 5623 130615 52566 492422 310837 88756 71538 479139 342876 496956 463815 318153 109380 63652 68571 194746 476144 422380 253042 17242 295374 417361 127678 256145 244638 190905 271134 75140 52098 36320 149529 57711 426326 461485 298400 226029 39107 118204 194034 381973 104026 406116 448392 472797 469758 5829 156409 183044 176476 409441 200276 220116 63944 76220 224527 56848 15392 495651 131979 67480 280238 281498 384582 195430 491249 431248 421449 19223 297718 104349 401186 150010 258731 86721 111673 217355 351940 16348 400390 17282 174056 348932 237388 237990 173419 461905 43105 188801 194699 175074 4547 474927 204838 137395 418623 184953 316909 328938 463566 103493 181553 101895 1770 440275 188606 372833 405896 29412 389172 43428 306085 311494 140627 32339 38350 314036 242511 81445 251103 185476 4785 3916 149269 469013 400702 316158 402233 465877 133962 102941 317637 63781 204826 319397 252322 141698 181096 147085 171101 318534 449903 477176 118894 79396 257781 416635 141698 248558 246346 392791 434024 510522 144974 331559 468401 293942 136583 107776 248685 18811 470108 55188 82583 163800 374575 334895 305489 44538 230246 224856 111338 169016 450298 230223 248402 456345 135724 390091 193770 382060 20024 376060 381448 424388 196486 86992 207196 81335 454158 455872 100137 413132 259326 442110 325199 122768 14147 378954 426696 244384 92676 26900 161666 291240 5389 410058 236451 141103 37291 178487 12030 316706 43414 141744 229960 239890 228726 185423 69491 431151 389561 169618 333149 137753 100594 147214 8787 114732 15034 435473 107382 367100 210640 269038 147206 216019 427362 131924 357113 464644 310401 117409 18492 353805 7419 507842 341961 495536 182131 411443 415553 60558 329327 496968 457702 178188 133049 466479 41186 407473 139095 148558 11716 349725 165862 158912 54610 82090 39102 159989 295000 349494 25664 313482 451565 292474 310191 30669 276876 240588 442102 440695 49413 8571 426529 507105 186749 307844 462450 227925 463584 90411 124749 475290 188402 290601 382468 502403 120958 421561 151258 415948 259921 436313 477697 459752 217653
60 20733761 501
3412 154435 442944 216599 312341 403351 27518 482688 487430 94095 408016 50000 51284 146907 124928 34589 241323 116010 142094 153087 48813 84938 492077 44316 494377 504952 16547 477404 73032 85260 446805 91979 239686 386939 308568 33673 271937 351621 516351 241013 461250 421557 291003 9724 50111 431465 44303 291424 29121 186387 460045 77925 286860 433768 137775 262883 435911 154312 237478 6133 239563 181473 98102 494783 50059 406661 10102 337530 255472 23643 75733 198368 460735 382270 208082 8036 295381 252376 314994 324492 454297 256685 417951 222803 187643 37373 485677 105200 207219 204801 126868 462316 386264 224960 438745 451857 113267 448837 271033 368729 488015 346756 64287 445940 210672 272360 453966 506043 21926 250606 327726 476213 4481 227323 196207 207658 280230 163530 328393 487440 383865 455251 431402 267319 161857 351794 200823 290659 297821 471846 156578 283026 315793 220856 210612 8111 508750 146224 11345 12322 412364 339061 488525 432379 63574 166378 137228 343795 345442 465611 312881 226497 418052 241473 493807 77099 74913 191820 367748 388269 160856 21517 152941 476639 242363 363544 500285 248303 6958 8820 260615 434857 347871 246330 364426 426979 428243 501644 252420 255331 464445 62491 497363 379687 319499 488360 456777 394402 161826 321715 279861 338216 343222 432793 312046 82775 293527 309521 331068 316019 318331 88873 232522 163392 335194 94139 72017 245083 92973 339972 515948 39065 417997 510501 434286 219142 480507 372709 110735 139523 176071 390586 493274 16483 320569 286966 99249 95742 78133 445851 411752 396454 16371 141464 41492 367099 235593 129043 93828 328557 469005 106966 383156 384193 99114 299088 84981 76811 153444 211250 231869 345049 83483 206789 361522 419586 493745 476305 515319 69068 403803 408717 465512 435708 31827 4194 284453 267411 133227 393815 93158 99423 516315 476304 483606 112619 257038 65777 189421 426016 292562 436824 252711 391579 125259 111424 292811 100650 69375 289776 185252 488712 195683 132410 406066 227501 152138 187709 510446 300899 63170 100794 400312 76676 58744 381108 189285 331316 462420 394240 238979 236628 312710 507224 125397 453503 100294 418198 51343 185204 189621 236585 155562 385294 384529 58819 109985 18313 246518 117621 319203 325223 218405 216705 417433 292683 95004 88364 105646 54614 498139 360159 306776 308039 349029 432163 243189 464858 332007 294522 131708 18818 12754 302804 419647 397273 361613 26822 431121 105322 144434 231970 446079 378373 464209 345158 152703 40859 433512 258339 111007 428841 100144 417773 218527 464707 331582 477250 426755 160780 253418 55653 179588 281706 358448 96425 160626 217251 123238 88937 338107 283206 336441 265832 143225 282296 92636 295918 338690 23339 35903 449687 452170 151581 349107 167887 113479 162335 126783 21880 323105 380192 93068 518228 159088 451506 96299 335248 165947 235071 424175 504045 518267 242262 267067 143139 6205 359694 439047 360429 383023 490485 291762 332383 139256 122515 500261 268269 300385 108690 290140 120680 504416 383198 120554 145151 331894 232388 480389 513375 467449 386211 514610 467363 110119 263324 107692 131858 120208 28385 492277 503221 16060 265686 317250 170851 403735 314701 439110 201310 423382 226440 321981 424988 91284 458069 51785 438712 187647 29365 449278 152287 415566 445534 101296 22875 206048 224522 170268 326246 268441 144191 311113 284492 425411 125554 470877 326337 440245 391633 9293
61 20413094 554
453338 266115 305792 270268 133791 164343 65433 269231 333452 270993 30958 500347 101594 307719 179969 160412 23498 218669 372453 266683 65918 396616 478062 227681 494807 133838 296294 109171 289396 267875 103631 204765 23654 409413 475023 129803 63419 2488 399024 369230 273471 402340 359240 375055 199722 28873 25130 195579 247532 369942 462252 313440 256221 402345 3152 213059 25846 299436 322220 287600 29343 425841 492355 25355 297285 429410 155148 333063 431888 16203 191956 167390 418533 13227 32109 107919 42090 29597 275856 261980 371897 200139 37451 90149 92147 40593 303198 117983 312388 87450 405574 341721 485649 359960 367066 244966 279033 11877 67692 200584 28070 232006 340333 418961 245223 372432 499238 259672 374387 264757 11315 208316 464886 48757 298455 19064 61708 63685 109406 374086 123493 487338 205470 71173 336961 34567 316129 78026 46434 356179 250968 46862 77848 80964 438182 295430 425754 427083 44765 289805 181504 28438 498111 108421 49553 258597 99844 111252 322272 209240 457696 418123 186241 125198 489287 495560 159755 295079 63249 178548 113290 314208 197768 163496 395162 125613 458916 310580 42360 476039 62416 196222 504468 22558 277001 43684 253513 376835 154926 37817 48106 102286 455930 206705 199842 434880 191929 359587 191991 227536 27798 305271 3775 197925 441125 398928 323528 389705 171539 338246 327775 206313 24131 321906 201229 273491 365581 454732 139989 492865 492539 160454 57182 438133 367149 257014 335044 21109 78633 16698 248636 78789 294327 252401 276704 197484 113360 89896 49220 257257 400500 376985 463560 396990 188555 154452 160144 16167 71216 272491 481390 53418 432935 28236 463909 289748 257608 288617 310847 336231 277673 21514 415011 34032 273906 181378 231506 359624 243632 280716 106545 106164 147364 59768 503144 308277 186579 152951 324434 257785 425432 267856 283561 320399 296082 237134 72178 43353 15414 355383 351943 293077 376888 256617 327099 112825 410353 20636 472439 116017 301342 41015 222171 421065 73142 187346 219005 259711 340287 5471 489854 227750 273317 263078 10180 31430 500202 82348 47141 487974 437722 371442 270715 304273 117722 59845 389456 500434 52840 323926 78482 354172 364932 273011 237268 438064 460347 428632 159806 262665 434093 139323 490405 169441 374759 500576 173229 364625 44955 192728 342262 482667 53834 75008 248971 143914 107212 128090 134011 160042 424375 184851 486572 278970 457852 213504 206697 380230 131799 366493 132558 27923 478174 112627 169722 342596 75234 315309 169252 120179 508027 483873 64878 51524 20912 286207 195429 128114 386656 301798 260514 300694 486640 209118 69327 406523 422612 248382 276417 16442 76906 381333 16723 44743 493950 158803 359697 31215 474102 18613 123753 471792 502476 160989 495675 495746 447186 180767 85892 323505 454923 346396 86230 403594 45177 127915 299781 440147 376287 38229 428947 453183 419552 445660 470284 375534 94126 319645 379107 30259 310616 475218 502042 275123 125870 487380 260532 35088 130178 346414 330951 74764 154842 417172 478349 172377 34750 240161 74556 411028 250748 503493 326242 132331 411185 258558 507855 477669 67866 348994 507919 350840 313875 471992 115626 439736 421403 348516 474814 41244 184594 295428 88366 311794 174631 28746 484161 209372 241265 20748 82431 464371 13905 381031 86366 397448 129252 56252 364780 197108 405236 362362 37611 208775 296385 125595 110542 207451 474102 47387 221053 120727 315173 281778 432511 489795 310514 378703 161198 13811 399442 243619 478172 385705 114313 26569 272816 215924 82812 127259 413022 460406 461980 422992 131212 248028 10618 241744 455470 484710 261489 166186 67468 66326 447954 472337 18152 220500 340704 151708 206669 202177 367685 146872 77545 481988 173432 350351 159943 228602 449968 62629 178671 401611
1098175 10174731 909
5555383 9150463 3044747 3947052 3492801 316702 5519641 6350769 8854063 6234647 1397244 7966037 9708676 9166830 7697604 8051104 4443281 5072487 2999519 7437216 3178727 2072700 3635873 733466 711982 1909247 2587661 8900995 5523764 2762382 6293256 1079146 1912844 1854354 5026197 7921996 2171055 3062190 4272764 3541469 9296836 8186359 4023857 9005511 7353188 1721460 9572966 1796468 6793947 2572484 9233684 9972673 7161535 5385908 706139 7873516 7295154 5810151 6774510 2818917 1088884 3067765 3898062 5518079 7438470 1440611 3440075 9609525 4502800 229190 5667345 3799635 8415549 9691202 5321497 5768736 1412661 4894462 81556 722959 9983297 1831591 695632 7144831 7217498 3918122 7534698 4512651 2244624 6825560 9847919 3333507 2409676 6262332 8851585 9848146 7702942 4808011 9457670 2205741 5037201 7641366 8521727 5969101 7332567 6359575 1737836 8745228 3770388 4335743 1984538 3753684 6167333 2680169 3414866 3384830 9114642 949564 413832 1359265 7775123 261750 4692771 2701150 6524082 6060708 2549295 4227023 868718 4523316 8949116 5905918 2164682 9987194 1875018 9497248 6346769 6129206 758827 117156 464948 2743365 6387192 9148633 7939885 9802057 2533462 9570879 3267972 5463646 930143 3559446 5725395 8139266 6260596 4765828 4199973 8809890 1509203 5068690 3333206 458318 3490960 5497887 445511 7882329 7511486 9308631 6527886 786665 9425787 9509186 6046381 5812978 8657818 3986265 8131386 3707631 3557143 3915710 9171276 7003638 7475155 7413023 5142903 6252102 2178850 1859227 5061992 3688052 9444268 911549 6662721 2935227 8925787 9624584 3333908 6437272 8933214 9861793 9740288 875352 1887330 5786668 9204681 545147 9772933 7336067 4252778 5846427 3768128 5940405 2850064 1243282 3353427 509318 11736 8048629 2368544 7590079 4253032 1812812 8501627 3432105 7264390 7427413 3056688 598297 6381036 4506253 2976442 8637676 5381605 4863771 4424343 4586285 5408918 4197275 4438703 2178047 2560054 8206830 8118451 5410117 1966464 3988230 8435787 1978199 2036858 804330 9568277 6289889 2617141 586255 9721993 9881531 530019 5295032 2996179 9427406 9801285 5972620 8065081 7699241 3352743 2489424 4801877 8761660 9203050 1756932 3456058 1763103 9963761 4090860 9689572 4446576 8079089 8125358 6424774 115946 1446039 8509402 8922187 6579532 9095656 1160531 8977414 9625674 6455563 1973592 9053080 8773199 462564 7118160 8988791 3815306 9607583 3790667 5093317 1326985 5547598 8549374 3090087 8027711 5156585 5296010 2474286 3235674 5937719 1415412 5867971 7383758 9924813 7306509 3963289 9020469 8467040 2940702 1162494 7438954 7430645 2731925 6212152 409560 9850085 7717294 4224865 1974019 1507960 1834533 3301003 9571910 2900258 8907442 7599620 8056843 6719803 2590257 1292516 2657522 4005668 9676838 2557631 6446833 6983347 6520919 7983653 5450386 1977972 9146146 5405691 1924968 1878071 1617842 2334528 4244507 1851487 9075744 8734877 3359446 910277 2035880 5447707 6326886 3459673 5563678 4383728 179475 670287 8192595 5353348 4675954 7869433 7910978 3639138 7369131 6948248 1622790 2819516 1442571 3285288 8225206 3367539 7679710 2359399 8218418 1924216 4210885 9810513 659092 86682 3237141 5211323 8050741 9564027 1187347 3614418 6464106 1366822 6801056 4656701 6720169 1477010 5042485 7147499 7632499 2411615 4095746 9255289 7747482 5538317 5056928 8489039 1422207 2736637 3364789 2156976 7177204 92025 1967488 352647 2695058 5204629 5563970 745798 4768655 9267668 6876568 3749112 634489 3677623 8405812 9871010 7670984 5964648 7018508 5303483 892614 3630605 7075123 8640095 9168921 4648402 9645485 3107479 7385038 3010273 5264454 7078593 3102297 7231942 7431239 5797355 4952922 5511560 6543152 2237928 4779228 5936071 5987039 7930068 9613694 6909203 317429 9801029 2873850 7335936 5104511 6282816 3482893 4695985 4922910 5168165 9344386 7084747 8275644 9245775 95019 6056449 6324367 3197316 5804742 6271958 1511022 757663 4299869 570525 5511942 9079096 6506596 1498981 9525516 8636641 8408183 9842944 8437669 3798384 9695232 6058532 81199 3178124 3270868 7520461 862640 2615254 4605207 9138283 1861028 4700225 5194732 701747 413892 3515825 6973704 4441265 4273488 3789924 5011790 9785429 5385372 4034737 3800761 4910887 2671377 2208943 7270182 3625397 8523679 9481765 2200280 8604877 5176240 5471148 6125337 6038880 602753 3246895 5177162 4980132 7947120 2888245 5681878 877363 6404070 5171933 5318628 3193909 8961857 2846769 5495689 4347228 6881505 9296450 1774466 2069233 4021744 9044647 8210981 5061774 8526412 411261 3666651 3702651 8398760 2308339 9741530 9001512 5555234 7435044 6497995 6018705 2839640 4696225 9412419 1760061 9868157 7247398 4953969 1346365 94166 2966010 8209944 6975670 2262459 2500761 9044902 8800554 4061760 9772235 3862328 5104523 2699847 45330 1323525 1098606 4870020 1065055 2616469 2941605 1016450 9114463 1476661 6372441 3810687 889080 8132502 6195196 8136477 3086470 57912 8230643 8568831 784208 7722664 3347641 3284968 9283918 2148195 9863079 9056152 8526874 4967601 1755998 8572203 6291126 2854603 5958574 9872532 7987423 8900179 888981 9618237 376839 7261421 3428924 1265918 5393922 2140471 1918747 996744 4714734 2665741 2081926 5498941 388404 5429567 1300261 9672321 94113 1163339 1244824 8620986 6130940 3000821 9709540 4938417 8371775 5668113 4810948 6359197 4568291 5699928 8493786 7461482 5477700 4439061 1243751 3387974 6579531 3162497 6901069 3810616 5828237 8982994 9309557 8732993 6928912 3126169 921665 7023024 6805859 2166489 5644009 5453150 5167309 7869900 391566 6055436 6054365 5202513 4930984 622655 3418792 3424769 600488 1412844 7863829 1844239 4800817 6959711 5006735 4218237 770327 3351324 5717582 2596235 2084316 2646494 5722403 3005980 9669517 2528261 5172468 7829878 497763 2856129 5699777 889328 8911564 1754141 6091841 6358899 4893148 9510632 9783668 5493635 923475 7647496 9854225 8240643 7123559 4860960 4975231 7893885 728635 692813 490119 2812950 5855658 8728873 8335281 5525174 3773485 6024101 5871403 4271247 1396581 4087532 5160575 2824496 8358024 3768767 9183394 5767523 3279398 8967061 1261158 6719225 9130909 1115382 7476219 6254467 8492693 2451450 6664703 9221327 5660614 9671173 4550628 1516271 8400045 5402261 9557796 2173529 1426361 7945551 8961128 2822941 2033082 6638054 8163788 391105 406820 7347181 6158628 6202569 8830594 9936137 5438145 477854 3567870 2914364 9248672 4576915 7882165 5913374 6314593 6059130 5584546 865221 91752 6500942 6267481 2165899 1190822 210193 111449 151949 5549485 2144530 6790002 3713272 5051987 9713173 3576804 3726966 5915742 2407397 6179454 1353886 2885250 2263675 6784601 4650273 6840589 4666765 563646 3155182 725894 8664543 6536754 3333997 5165484 5320586 5499896 8872658 5530778 5611344 9024606 1080262 272226 8330960 7309885 7840564 8044132 886688 1567529 6476225 5810437 263334 7830111 1212038 2527008 4614711 5862311 9367597 1797828 8942308 5039130 5040073 123203 4092235 8374070 7805038 9412820 3873965 6677695 7459949 9485308 8218653 1056562 9757533 6549612 8366446 7598096 7110095 1769485 1681976 3586320 7579921 1945309 1416430 8791959 6988669 8547492 7170621 6356265 345319 6112928 3911746 5385392 6236130 8003980 6275813 4041168 9933151 149777 718862 7393099 9635084 1453866 8449660 1908969 8003477 6816105 2023416 7629924 1101941 6221744
1216252 8681871 903
4028159 98680 942312 3279002 4246495 3224278 3840971 587289 1604668 652634 1906659 3740734 654786 3945363 2375139 398449 1363016 1770334 2460944 3748467 2032993 4269572 1067610 2911629 1267720 3355458 2467390 3484903 428030 673583 1968578 1394430 772262 2910890 332497 1956998 1794232 1111709 3823463 337142 3043519 2668363 4077875 636546 2272790 3391256 1034994 574048 2099831 434179 1260756 4132824 362816 2328365 3982694 2909712 1342888 3388325 3332856 3050094 4061907 960498 1382766 1772410 3871387 2994439 667649 1324684 4106147 150177 2941002 4087907 2818539 3957118 383517 2029571 4286615 2697687 2603618 2045511 3131865 3864373 3116576 432922 3130979 2758334 280875 132931 1805724 3613730 121267 1526695 233293 2783209 237347 1042921 1436712 904995 3646781 1201923 1055171 2246847 2228071 3873710 1863030 3890764 2841522 1808709 3526692 1104204 3854219 3596798 1906818 2629859 4029720 696861 2326435 4310594 2108969 1070400 521631 3509412 3876271 2034100 1951685 4113617 3077020 3388396 677677 2382866 1528560 1732847 1567954 3756630 2544798 369225 244700 1045384 2177934 3771391 3428764 2970394 3027253 994646 2538495 3995214 2970684 1803171 3964873 2017894 2873570 1424745 1186370 2408905 3458844 76296 2181587 2194928 402933 2859263 1516035 1931492 1530351 3083989 2626363 4075149 391455 2871062 779597 2569388 3580694 4208361 2478024 2267011 2141248 1954760 1921290 2050173 3757930 2824404 4068066 3569741 4249148 2192677 1637710 305298 2268972 757538 2500225 2671904 555042 954502 1541637 2085393 976732 1106241 1819606 1368186 915544 3878379 875816 155302 684046 292081 3701490 4104471 2246840 1281844 1813708 2943011 1044489 2820016 2171816 952701 671757 747767 1257998 2940729 2784482 696464 2550874 3339523 2930142 1030753 1083980 3906873 2136993 4182762 2213301 3052537 658448 3089116 146080 1342493 3381196 3847569 2385205 2566277 2067654 4198913 2447529 3112142 2677993 1557586 1003084 287991 3584529 3540258 3228719 2028075 4236722 2717835 1026663 2825928 3748587 3389819 3671043 2823821 3231646 1543408 2814599 3890093 1570765 4239856 2170827 1890202 3746489 215097 115543 1473208 1352251 2563071 1523591 968485 1058898 2526675 1256475 302491 1725997 1423436 2330566 2900960 1079512 295470 2665130 1766340 3685288 1995237 249225 2575998 476886 2066 3404332 2047650 4241921 2513401 3937851 585716 4007674 991635 2058923 1018989 492947 520756 1987473 1551844 3047430 182189 1854334 432491 1605624 1123141 271693 3964312 1418610 2936822 1389716 762963 591123 1638941 277202 1068008 2920183 619776 53899 2821168 3133176 3991749 3406883 2799914 1921625 2404048 757144 2414571 2924803 4023793 904656 2910474 4205981 2758989 281206 2749847 820372 552898 2373223 2238981 3489719 3762939 3001943 1019083 2340121 217387 3366267 919368 837162 3420165 678777 3970337 9220 1023901 3708492 1930844 366190 124700 1283656 229234 4148492 2188311 3139707 4013537 1885542 359155 3701625 2705913 912052 1733913 603958 1340013 2435093 544143 2359095 1713455 761529 1384427 2632822 1598690 463656 249840 2507268 1752053 1273740 1874824 3682896 1639930 1999523 1904794 1869163 1807079 4093104 1947112 2758857 2916887 2306266 2119547 1281864 3218317 791701 3164999 217394 3226793 3709141 3855666 1878489 129734 899157 1449552 3007600 2641989 1699391 1173932 53106 4252307 3048755 674244 1551301 1986519 2579037 358706 3793597 3610382 3584994 3490695 2186334 1550324 1269306 3468197 1706882 3340183 2292260 3203453 3505217 2939642 2718183 1042770 7617 555581 2492321 3015216 3197569 4191711 1127389 3250675 1041325 1114385 863160 3871802 3100903 3442196 4230507 3832741 3990819 3474565 2982501 1836217 1963130 1190048 2242656 3670012 1468473 1473157 2532529 632754 71864 2188953 1675524 1358657 2744533 1106086 32938 1601166 2236039 2439503 1790082 3277363 492130 2653241 2808229 3593032 3033678 3976978 23080 2683562 48849 4284757 1458020 2011979 2413046 3700675 1341055 3881518 832897 811825 173337 2183937 3000777 3128037 480835 1404374 4234122 1792949 3005539 3408402 4232452 1733863 2344829 383646 46168 2091300 914919 18088 1727342 937998 2701649 1776190 2160996 4159668 3788168 233107 457650 2067464 4114624 2569723 2879288 1226202 1691901 2818306 13303 2172735 4222679 1185667 3965684 4166460 253133 3857200 1559387 3877139 1179087 2884731 1627503 2094005 4181995 293086 4311180 2542708 2069275 2131240 3640618 2795685 2364346 4098267 1801390 3417212 3606231 1618920 302478 957196 96290 1594958 3129930 1257211 4059801 2754678 1082735 1251175 3550119 3921298 787378 388270 3744270 3694057 3761452 3585330 3987142 3731696 3066279 2994659 2801177 2365961 1449408 2103765 3402469 3250797 1180041 2667764 528781 2761695 3624959 1904248 15717 3693131 3161458 4075517 2106873 4244192 2264934 2595234 762796 3052311 2983503 1445307 3684610 3683196 689701 3330816 3073956 694222 1984539 1534198 4339359 372188 3637962 3400893 3622985 1756244 3006898 1090007 177003 3570099 2994254 192720 2922294 1814776 1206478 1967408 2997209 409653 221706 698246 3461964 143451 3422730 2805638 3826646 1050672 3074695 2559667 1744893 1997476 1032106 1743317 2369663 1608309 2082451 1651712 3364552 748413 4020896 479796 4318511 3953391 1951692 2899869 2706409 96412 526342 2641859 506064 748047 278347 3968027 2170674 3701076 3711906 1656385 410812 3724843 1154293 2155705 1381383 2186398 3899021 3751045 732948 1640536 2340999 1035741 3668125 3300136 1515536 3645701 2912591 3467228 3483811 1278064 3563639 4010152 858165 4069702 1696441 1136511 635036 3867114 496651 1285183 2461740 907462 669090 3616032 1408 3329649 1461494 838670 2739759 3473618 3758382 2018999 168423 3085572 978199 1683959 2390337 829031 810251 2812389 3386272 32954 2481606 4244436 1040897 1116288 1040011 1675932 1921643 2815838 4240292 42448 661541 568446 3658479 662949 836337 2058215 1501618 3576095 1190897 919065 2533335 1359320 942878 449775 3043278 271456 1278805 791770 3083844 324141 2103900 2503691 1506818 3144796 3619978 2546828 1758970 2479863 2300907 1658326 2522310 2962448 3505948 3119030 3625396 1349 836309 2065255 515685 3306383 4263496 3049019 1603944 865438 3498793 1585463 1136893 1715840 2377232 4220737 2039980 1419373 2383492 485040 223233 2941712 4311044 3261379 1080639 2271016 578769 541190 892528 1022959 3660219 1456165 1024307 1434770 3521419 1539992 400217 382222 1527252 2004160 1247659 1964287 527864 3663729 3680126 2905095 481772 2658347 1262709 4144440 3143386 1485941 2745216 3113495 1685562 764096 1043575 3543507 1305285 3215279 225530 1903746 330508 1249837 3338515 790168 4069005 676973 1172389 1255321 3960309 3699225 157849 147237 3022018 3837974 4331508 3503789 2155386 1253281 3307293 2237013 4018398 2990751 1009572 1363024 3754846 3332323 1844773 1998373 2206666 2070302 3902118 3816350 258380 4178874 265583 1265626 1794088 2717148 3800124 1413461 2075437 3957972 2839874 2035696 3455011 2830446 2477726 2548638 1021968 1444084 444715 699430 1373076 1454287 3341631 2066163 445674 845468 1002777 3931517 4194946 1843136 3406931 112391 1681074 610755 2657193 3475161 3327903 2116381 1826863
915135 268969457 900
3387537 1562245 4961078 8571077 9750562 938575 1452832 175891 826145 4371904 1154509 3869987 9422102 7556670 2198919 5716600 9238471 2737079 3129861 2397966 1967871 9518846 3781811 7013889 3550447 8617123 4947646 8171881 2048600 3917093 778182 7952488 7995689 8255611 9039917 7746250 9194186 492748 438493 2536682 7381004 4109353 6406668 9319457 1666022 1121938 5036056 904492 3859016 8165916 3302458 8343239 7684762 7084268 7873479 3751560 8217742 2821124 1923440 2782693 9254569 5217973 735181 7250257 5989936 9775097 7512859 5184121 2784196 467703 7720802 165199 4577055 6643821 9484655 6243077 7765758 7037063 7147568 1624773 5202978 2966377 2484363 5404091 2566996 357841 1672002 3301089 5695317 6111794 6083782 4949885 1329766 6818962 4716493 7319701 6594058 4745703 5020173 1894605 5213405 5257326 2059804 9790460 1901146 4060810 8549888 9666903 1097872 5697455 3808028 8817202 1180184 8808742 6737644 3747179 9166583 8409646 7048268 7378251 4521439 3132049 2328135 8367556 2467362 9560979 8203609 1577771 4306682 3223781 3472375 2036438 8481107 8048530 1826897 2898604 2109340 2893136 5081859 5723563 8590591 8889886 7057116 2287126 7698627 3794760 6034304 9381561 2204405 5598923 6759811 6725843 8730971 1604297 5093398 3714684 3681628 3297006 5292454 7988309 9037139 8764829 24746 34597 9329710 4367995 2933200 1439049 7261130 8015058 9678964 8368072 9421295 6736079 655197 9636274 3047190 9205853 9017834 5251594 4804775 8293997 4493788 6052098 2414645 2103538 9766781 6096272 7916895 5059235 4084580 6954033 6340415 6625678 6988629 5670124 3510024 2438181 9625525 3287505 2969590 9304488 1655577 2390885 8556918 4827125 2027158 1604108 4032977 3561343 9372053 1354104 4371691 3865841 7406201 6786336 5969378 7172981 2882607 3886272 4748567 9483539 3356657 1088981 8625568 2861637 9275457 2135591 7816169 8900981 5423095 785759 721820 9595023 5692995 1795089 4422148 236504 3399196 971476 6314198 5287601 2325579 685889 1669793 2248131 7472224 7639170 1937464 2871182 4041793 6686030 2354720 9914801 7775011 980287 5292790 7050467 5632229 3108958 8467799 1055324 3894716 9189618 3166698 2104062 984706 105197 2340565 6900254 1076673 8654763 4704206 5918603 9340651 6373998 683086 9329226 6529519 2620549 2200407 3087663 9306578 7071479 3002464 9597940 568117 8295253 9164758 6200346 3920562 7632556 9772021 7815278 9338525 2938718 2435691 2839583 3043915 4776256 2256188 6636939 3431018 6960393 5071893 5288020 5850742 5754978 7133597 2380260 8375526 9334003 7984274 198456 8921833 986737 9796395 9489950 1798341 1477505 5690295 5718903 9110060 5462315 6050532 964937 917384 8486222 6320871 3961298 5778829 8577058 3114588 1726198 8053802 8186481 9530569 6420895 3941458 6664165 8801154 4833336 8514520 6785427 5031791 7436352 288516 7344537 9442653 4603208 8822041 5132947 2838462 448453 3111613 1405345 1413389 4028997 2407919 250611 506646 8186747 1344020 3621234 2429297 9397821 4324066 1959865 8335067 8265523 8624030 7136220 5615210 7138549 6437998 3163352 7091252 9242865 507889 6533905 3846073 9329929 4183203 9200886 2294733 7294816 606231 6224473 3840164 3014149 6475083 6863161 3717247 7819102 3000746 6146543 9733274 7324811 8106408 8068340 8106686 6730437 7720911 3721895 6385337 6675261 6885247 5992940 5918125 9909487 2526844 2280549 1755767 9226399 1481435 4050500 6521214 4604017 274972 2877729 7618165 9266407 9740889 1335411 7085508 2741635 9998306 9335134 66445 8104713 7403473 689482 7351501 7640736 4411377 6253189 4315996 3812975 2246128 2750472 3722461 7289324 5031021 5478227 9032074 9028807 9528726 5553287 3632823 2320050 947367 3767339 1586456 3204607 7619101 1188315 8462593 7617406 523448 1045390 8238470 443273 1734871 8106322 8084008 6146247 4359510 4916355 9959221 9121990 7666826 6198033 8927665 5214198 1676260 7959738 6759356 1204985 6029376 2908530 3525034 9493094 6675868 7627841 2697700 6811321 8816156 1160293 4428726 9339603 4722034 5183548 2299227 6456904 3289869 383234 5119503 165731 7815940 7595075 9287720 7999118 3793108 731736 3213315 5469367 8691473 2489023 9190703 7237200 5397552 5232089 6730293 4589772 2859929 9427992 1401092 4192436 3104636 8346169 3532039 7826669 3529716 5831265 4283573 9335937 8730851 1919427 9501667 9063142 9514501 1305738 7062259 3307608 2037473 2791926 1293326 728945 5280948 484029 7966144 3194851 5716117 4696436 7784622 1092397 6640779 9185713 5284833 9745415 7531882 1333223 88435 3577949 9680839 6888359 2913885 928041 8807785 4931903 9991183 8322286 6237640 9569793 4146245 8275112 2361718 5439571 1520408 159017 5923599 2002903 3353868 4156067 9215690 3654841 7764815 5856469 2840554 3049647 8118235 2888787 6899221 8206669 8983087 6580060 5095028 4413324 24452 6419164 9345226 15634 4741449 5582866 9585427 8887694 3857977 4463496 4327264 5378385 7138865 2767214 9897639 492732 6923280 9113329 4147572 7204446 4969797 9504477 2770445 3088031 4909615 9669665 3811051 6409054 8766076 1422430 822377 8790528 7841594 2683954 1322513 5099394 8266819 3424291 3987087 4641148 7887787 830702 2535884 5026651 3597915 2433522 8035734 3037546 1546850 4699657 2758344 6516646 6720486 5528788 2121028 4146452 5198452 8448431 555505 6480880 2387212 3894233 7787759 228805 6578187 9110271 7844551 4845005 2534562 1831637 2002504 2938700 5178691 4538387 481702 1292957 6971909 1033787 6846855 1035110 8249795 9605198 68108 4970280 5133985 4705487 1633084 2848788 3153917 4704940 1846019 5541129 8599173 9633777 8286285 5177359 8744048 6130835 2538715 3794961 478824 7057571 9250012 8173866 1595957 2248065 9466822 1084217 5798203 8830028 2119327 4047997 951577 4703786 1534629 8601913 9409272 3167712 1450701 5079541 389003 5813071 3137021 8988175 5446848 1423305 6681885 6707247 70492 1736952 502207 3065667 8794522 2268570 1239532 2906830 4516634 3222705 3991047 314836 2052733 8626725 6879184 3004309 3330510 8413812 1606222 5256133 4097875 5573274 335673 4486878 1386344 3472693 5991404 9349543 4895998 2673289 6056789 7482841 6926592 6558995 548507 5721113 1343916 4304390 8627942 5860549 7527094 5135340 8691736 2096178 6278416 5570920 5100487 2125277 6501083 9223060 7381410 598958 7312685 7717082 7602187 8699028 3706127 3593590 564923 1118476 6266878 6621711 8601316 3193469 5697058 1666174 1430933 7040973 5970563 2575227 5417874 6014008 226918 4109609 8110186 6505334 2196880 5727024 1146962 1214315 4950083 8528371 1813272 2262767 8761805 1931810 3478146 2467931 5525399 4043068 3586406 4308629 664779 4704073 18449 8878188 6370246 1449382 5919160 4857160 6540960 3853385 871167 6767877 479346 8981352 3273210 2676225 4708375 4420172 3890539 9658457 5464894 8220162 4437575 6743050 151971 432073 9210980 8193722 6991492 5313737 2502350 172622 17809 2520798 9050809 8904406 6486531 4969969 3761565 3027490 8823353 4632732 9795367 9302698 3614083 5584928 4495275 838810 2521451 902165 3013618 502697 1638679 7451193 7245746 4307001 399617 6456726 2500722 7391108 4286814 7519423 7563730 6820975 40221 6614538 5725380 9043103 4100858 2003297 2070593 5440563 6636028 1865959 4743260 2766462 9967238 1754886 3605271 2488689 5173403 9135241 2991385 6812081 6586433 237130 1119081 9502401 9210207 6136155 6893508 6013373
22399693 51972396 949
4143 4465376 4984038 1853851 3505175 3166825 5854542 1705104 1582954 5727226 5379259 4480105 4114489 5176009 5639947 4934566 4851712 1290360 5072285 1511022 1910753 2655923 4830628 5823756 2302096 1262756 3571390 5391801 4724952 1797852 4926065 1106617 6263228 3413554 5834538 3271853 2957900 5192531 4976956 4540853 800729 237187 2524409 4915217 5413196 4541877 3353233 145880 5832236 4803039 4530972 4120510 962413 2865050 3447717 6138579 505327 522557 5033830 5230279 5194479 6337417 2714417 4961157 3254421 2052405 4610531 2589842 3622457 5965009 634145 4423186 6202195 6032624 5715924 1496363 455474 5446679 1642243 6287709 3753168 6173214 3911670 4715580 5415786 3736908 4357609 5921112 636986 5768961 1032363 5831464 5609828 3746779 673594 5241770 2176706 5284124 4209133 2176684 4752583 4843277 103320 835751 756874 5819244 5206184 1212347 4769373 3225948 3877577 4900062 2902613 4166768 3119093 4695920 1407126 3854223 498004 4918182 6000705 4404438 4253097 1491505 1654667 4926690 3110796 208894 91786 823379 2385578 4844369 2044178 2488897 2057641 5675122 4685662 767275 3264990 5832556 3993223 646017 4236069 3273357 4812785 3732683 4346798 2597432 1090356 4844801 1019065 3468583 2752689 5272161 4960087 784878 79823 4448405 993771 171608 5271783 3379348 1393498 3693482 2245767 6325209 2872054 3308950 595935 6137043 2644957 966679 286511 3258547 4240035 1476817 494680 4964354 451770 4459106 3312605 1470834 1431139 2442816 3120516 2768748 6101764 3200338 720603 598985 6246017 2369907 355855 4017036 6063389 5475692 3845696 2438893 2288092 819152 4953458 1310570 1785830 1617490 4569116 2403386 3094306 5063795 871190 3546075 3026352 561316 1394431 835012 3004131 4514946 3603759 2609345 4092806 701883 6082401 219795 3071790 2815777 614352 5512700 1794919 4460047 1455043 4083010 5279198 2786022 1771102 3442549 4403511 6340217 5845934 3875338 1284985 3094645 3798935 688858 3655961 5193365 1523869 3037613 6085832 1505150 2024480 59610 2207032 1610331 279404 1656343 803629 893756 672493 2598547 1731324 5001607 3059078 3388044 4165150 4830179 334043 2072112 1051369 2557499 5947449 2336353 5652143 3249834 3025210 5685625 4820720 4549078 2226689 4410003 2431749 4251168 4469612 4638781 2239020 1126538 2672645 3042648 4894364 6219209 5641194 129138 1101788 5077793 6391252 5266937 3411423 3102817 3716570 4462791 5660315 3167470 302594 1193430 2794825 6201874 382506 1118996 4254402 5483265 5528998 189602 3237883 6376131 1205904 5476902 1006119 256070 2023000 5900482 2852800 4041715 2407142 3954587 2622958 2301844 5599046 2411902 5404660 2819066 3252214 945947 5986535 6428878 5013448 2284811 6134202 1773475 6277877 269577 760190 5310325 3333249 3998072 5189906 4539152 5852495 2573547 1172743 1378945 4851550 4025543 1798181 762142 4357651 4421138 5938057 3460147 3210562 4846167 2656735 6462775 2169636 2146720 6395104 686534 809052 6032756 2460008 590379 6302332 3220197 2278225 6013102 3595790 3845653 433226 2951735 6419199 1605969 708201 4774199 2009033 2506381 1913863 6366683 3305040 1355370 6204352 19052 2579058 2364537 6481827 1126215 888778 2757903 1812748 4571901 5168180 650277 1539801 1351485 247995 3818026 868037 3843784 4041200 1301263 3173040 3963849 2907231 3881240 5115569 4916263 2765142 3406953 1163918 6070182 4762322 871720 2466755 3718902 6110327 2452032 4845116 502556 1587456 3035386 5074456 259087 63184 117707 1610571 311179 313254 2478607 4154962 4354453 3779869 3705524 1821752 3064621 1090214 3314843 4358405 232878 225246 5522323 6303059 1365090 2771564 5147335 1461513 2385342 3976889 2684150 2887897 5564344 2097057 4339874 5823430 2160241 4457580 937451 2471419 4770834 6290129 3003902 5502808 3573448 212876 3702082 3015591 4177161 520375 877446 4410038 3619691 2777290 594069 1362302 5548854 5741403 5697885 4311717 6095813 1885486 703064 5163608 3982542 1420459 4490488 2520304 2255560 1805461 4991722 529844 1599040 4373146 2410174 1550009 4586021 6112255 4565599 5140703 136080 5443045 5928262 133292 1723785 2899852 4369665 3650160 2144706 3571000 1465327 1743969 5456485 5042461 3285098 5816549 6462919 1279037 1840303 2221930 5958568 3209547 5625844 1061058 1086143 1539468 2611066 2049685 1155173 680116 693839 4165323 2500682 125551 4298615 4224466 3025403 2171730 1378077 1547630 5742729 2843403 6165669 1080187 1389315 5828289 3274257 4229755 610776 1492081 6451684 2946865 4701627 5580979 4007922 5787769 3497968 2996509 4214976 4653141 3676624 4908814 2321914 6177305 1411886 2998050 282744 814810 1547301 1660820 5236510 3667552 881744 1283152 4747738 5145129 614891 4399516 2878335 1225666 5891596 2833469 4172530 4096674 4791969 4557973 6261964 1793388 1057932 3980390 2824050 1112078 5266725 5145963 3666904 3056133 4521535 3949647 3870942 6068835 1987988 5484974 3239837 2869732 271576 4365096 4392382 886466 2268062 774167 4986202 1663109 6481707 5536253 2137304 1154648 3597676 1902718 2948035 1033129 2260630 2149606 2145206 1030805 3673091 2189632 464459 1698076 6139278 712923 1270361 4504788 6197896 887720 3752041 6469471 1630337 1647873 859387 3898399 5296111 2223110 1939029 5281268 1262813 4076332 2813437 1238010 5979049 2138994 2271138 4617200 4288599 793866 2025527 1465140 2983497 2489985 3163215 5500296 3202907 811098 6382605 2904253 4572888 3638096 5751245 6203224 5285969 2988153 3605073 463052 5211262 1921623 2121841 6474074 5997954 4935277 1215534 1857976 577721 6360743 6475175 4866320 3532130 4878223 2708981 2893148 871659 5872196 1896894 452087 3060815 4657021 6230411 1137153 1798567 5485106 3717898 3462057 1976710 3700493 3925108 691422 5622115 6046948 3543018 5123520 863198 1136073 3359017 1440918 1000266 6211713 2684759 909917 4593387 5393740 3803064 1842567 1146908 2077480 2294653 4207722 237951 4902585 1722396 2036517 3891142 5440293 1876096 2245373 2644236 5801203 5810865 1769802 1729124 2857333 3270843 2592321 370928 3007381 4033238 4245264 2722544 3095519 5155181 3693452 1992709 2461695 5536018 3139616 916696 4208193 850788 1154646 2614228 5447254 6065234 2882891 4390997 1444780 5128263 538684 3623504 820101 5182556 5352627 54955 4830920 4322469 425882 1341751 4733229 4671146 4064294 1332198 3329777 1261197 6198977 2168993 3174736 2842043 3085689 886379 70352 617856 6374678 5517605 3060611 5635090 3412052 4505390 4266804 328257 4506416 1464426 1888334 6236564 1519380 222704 4062484 1945262 1564454 5173234 119858 5628748 8882 6323705 3267466 6207858 1996148 2819723 5427422 1459358 3706102 5497773 2077214 6458301 896350 5137824 5596841 685923 6020736 6241166 3888251 408124 1209042 5776584 148138 5602493 5999288 588143 1051205 1067192 5761376 4045133 3073461 2147779 249810 6340926 4733158 2245957 2664100 3664030 82837 2747723 5539324 5034121 5583545 2813195 3675395 4683836 3499118 6073652 805975 890819 2859297 4889087 170853 3007435 3995030 6170140 6469648 5046234 3614854 2111997 5468888 191765 4259775 5718697 2910213 5370455 4342176 1951834 2537935 4425012 1077078 4454781 2962583 164073 771426 3015499 1225430 648065 5466673 2031404 1538883 1829420 423942 4583807 1214376 4418971 634919 4061546 5842727 4249772 6173542 1192587 4441537 314289 414735 855200 5684743 1134432 5681104 4600200 5559443 261632 5432502 4899547 425704 6203927 1418496 4525204 3229514 388619 60059 4768396 5092110 3358071 5729724 6306485 1280492 6364643 3871481 3500740 4117865 6422544 4693327 4936923 240284 1485583 2169644 2302548 2620014 1354198 3280269 4556978 1615829 2216221 2959975 4915603 4797670 4378470 2944258
31053920 35565471 114
8700121 7637398 4182833 1301568 8156172 9350381 3441437 4368476 9602046 9285643 9998213 5263248 981992 6878805 147302 6623753 6256433 3151130 8034159 5482965 8957109 6420109 2056107 7609520 359674 1760048 3904842 5388963 2814034 1986480 603769 4030292 9623878 7302738 7847996 7780050 6653119 1289433 4664663 8771302 3091214 4662876 4034550 4073205 4057818 4181852 3213095 2830388 9849118 3763391 8313352 1322365 183501 2885597 8931884 3059311 7161781 5352864 964411 2491952 7339343 1568179 6522244 6963221 8870916 6886377 7259408 8040172 8175810 4440209 9327612 3783161 1619222 5878299 372503 5677040 2576288 3585597 8507427 2425406 7348988 9336917 3747770 48626 4738651 5195792 3107936 1900432 548656 4072347 4392384 404136 8156662 3430765 7367357 9543716 317142 7142902 100026 1009089 1583111 1943775 4792249 3202333 7822074 5164751 1395510 2914499 1266486 9902936 5339905 1131611 1755991 1603812
79569561 13803466 169
6073350 1340913 309550 7214406 1029415 901045 770166 691559 5422373 3460642 1286800 7126853 4086220 7249775 6833801 4923162 1985488 6646609 9174961 8112388 1213449 7760600 4163010 3810685 5744649 3835161 695595 5829158 3404730 4499160 6108839 9478079 5840072 6418389 9208622 9385624 9835570 2494926 2593320 5257944 5955567 6396257 4900934 41787 3646032 1734735 4964949 8147656 897482 6656047 6260044 4627067 6932784 423054 953889 5193571 4258215 1649483 1022729 7662944 8664780 9647704 9657160 7020989 8582230 1381920 6406613 8417801 3876845 1516071 6191882 9832412 7912327 3608953 2390336 4074496 7859824 9871421 4738289 1273443 9043605 998333 5900510 8492527 3937523 6854398 3686098 711875 1020019 7224963 890956 9684798 9388804 3064253 6705787 7971035 4446173 5628538 8904973 8323017 9660745 7612992 671567 89210 3738082 5578040 6679842 1597906 5449461 1418131 2871349 7009204 4932600 1287996 5501731 8870122 658531 9187828 2098135 1678549 8928928 5505227 3879484 833870 8569480 3101409 1321042 5531790 1246084 226015 3854807 906829 355144 7042511 996038 4093225 2620551 192017 5691131 586149 1610147 1078617 7595352 6542746 4882749 3097083 5412868 5541279 4801048 27140 9735965 6246113 5532367 6131586 7079983 6617984 9232994 8401024 2149774 479078 1143177 6004580 3902043 1498320 5563228 7414217 5591545 699916 7606233
18681953 8792569 184
644253 1103065 330832 2126924 3122879 7000671 7405456 3511960 4556431 1918846 4272272 6948845 6432168 8067989 5470752 1225525 2135510 3719821 4828803 5051180 7830640 8344106 2235466 2977325 4389633 6030008 4667582 1083484 4906072 3375820 752908 5550324 2381828 1083739 5580191 5504706 5987353 4193078 6919609 8446728 6111923 2399313 6603004 1654466 8370245 1184131 2879991 8408698 2806895 5611737 4667309 1844966 5163274 4805719 4822290 7455851 8738670 7392816 8539334 4852173 1976067 499674 8305440 2260838 8278924 5093062 7765543 5473709 7189083 5892584 3030812 2411381 6194840 841247 4065847 5772516 8720889 4848781 5388646 2735216 1667949 7958898 4580181 6831222 1874992 609903 5494504 8516605 8002718 3144214 4576209 7881728 1546831 1992024 1349997 1033186 7085085 7018483 4409838 3384543 4118498 7440649 5795924 8216281 6184839 1069202 3099173 6113160 5917982 6390762 55807 5488874 3460035 4635987 3527527 3237971 3148833 6924975 2962007 2358982 1276620 7538216 8143653 2823450 737671 701081 1759579 5725700 7719564 6169417 7013186 948437 2720441 4016541 7067662 112712 2988686 8069778 6225871 6809611 5667971 6281677 3505916 7030949 28039 4936387 1476351 3176872 3068793 4438358 3438797 4345412 1086949 2789882 5071805 1824619 1393906 6831383 5453262 7016413 2111175 1576824 5867794 4831616 5593364 4142887 4944327 6484994 3420096 280573 4502036 6991010 6562249 8007952 5229390 4493231 4151770 4608685 7670102 5123506 254474 219275 7371861 1341422
4703409 30827728 100
1338277 228207 7233372 349822 3541339 4532272 1106681 5993071 4846084 9784177 9507561 7075031 2743026 8681870 9417980 4265656 9687816 5648267 693634 7859755 769487 3896987 8396693 7677643 1404042 1913978 9959614 5912886 9133550 3303672 8567426 471827 3531878 5800798 3337785 7073216 2849207 6960602 5582424 7695290 6744780 5089985 7286459 2003943 6287993 9220576 6269598 8491946 4868843 9479368 6351702 8154466 5892492 4748395 5832109 7296533 9178510 5791724 5725556 8312060 9095395 4292982 1300025 5143410 2609917 4637809 4732763 5459124 1598412 315187 5670551 859329 7921309 2957010 2863271 4209302 2177586 1649006 2701248 9562566 1128374 9052949 7717032 7020865 6317482 6065279 6833535 5495992 1857003 2559091 6324189 3468535 9368209 7624213 8611944 1978126 4778160 3344707 7437249 8892708
